63.01 9.4
64 18.8667
65 36.7333
66 32.0667
67 34.8667
68.01 35.8
69.01 36.7333
70 37.7333
71 43.3333
72 53.7333
73 71.3333
74 97.3333
75.01 143.333
76 200.667
77 273.333
78 367.333
79 480
80 621.333
81 766.667
82 953.333
83 1166.67
84 1426.67
85 1706.67
86 2020
87 2366.67
88 2746.67
89 3186.67
90 3660
91 1840
92 1933.33
93 2013.33
94 2080
95 2126.67
96 2166.67
97 2186.67
98.02 2200
99 2206.67
100 2213.33
101 2213.33
102 2213.33
103 2213.33
104 2220
105 2233.33
106 2253.33
107 2286.67
108 2333.33
109 2393.33
110 2466.67
111 2566.67
112 2680
113 2826.67
114 2986.67
115 3180
116 2886.67
117 1693.33
118 1780
119 1846.67
120 1900
121 1940
122 1966.67
123 1986.67
124 2000
125 2000
126 2000
127 2000
128 2006.67
129 2006.67
130 2020
131 2033.33
132 2060
133 2106.67
134 2160
135 2226.67
136 2313.33
137 2420
138 2560
139 2713.33
140 2900
141 1460
142 1546.67
143 1613.33
144 1673.33
145 1706.67
146 1733.33
147 1753.33
148 1766.67
149 1766.67
150 1766.67
151 1766.67
152 1773.33
153 1773.33
154 1786.67
155 1806.67
156 1833.33
157 1866.67
158 1926.67
159 2000
160 2086.67
161 2193.33
162 2326.67
163 2480
164 2586.67
165 1913.33
166 2073.33
167 2213.33
168 2326.67
169 2413.33
170 2486.67
171 2546.67
172 2586.67
173 2620
174 2640
175 2653.33
176 2660
177 2660
178 2660
179 2660
180 2660
181 2673.33
182 2686.67
183 2713.33
184 2746.67
185 2800
186 2866.67
187 2953.33
188 3060
189.01 2940
190 2333.33
191 2506.67
192 2660
193 2786.67
194 2886.67
195 2973.33
196 3040
197 3086.67
198 3126.67
199 3153.33
200 3166.67
201 3173.33
202 3180
203 3180
204 3180
205 2040
206 1633.33
207 1713.33
208 1773.33
209 1820
210 1853.33
211 1873.33
212 1886.67
213 1893.33
214 1893.33
215 1893.33
216 1893.33
217 1893.33
218 1906.67
219 1920
220 1940
221 1973.33
222 2026.67
223 2086.67
224 2166.67
225 2266.67
226 2386.67
227 2533.33
228 2706.67
229 2906.67
230 3133.33
231 2580
232 1673.33
233 1766.67
234 1833.33
235 1886.67
236 1926.67
237 1953.33
238 1973.33
239 1980
240 1986.67
241 1986.67
242 1986.67
243 1986.67
244 1993.33
245 2000
246 2020
247 2046.67
248 2086.67
249 2140
250 2213.33
251 2300
252 2413.33
253 2540
254 2700
255 2880
256 1446.67
257 1540
258 1606.67
259 1660
260 1700
261 1726.67
262 1740
263 1753.33
264 1753.33
265 1753.33
266 1753.33
267 1753.33
268 1760
269 1773.33
270 1793.33
271 1820
272 1860
273 1913.33
274 1986.67
275 2080
276 2186.67
277.01 2320
278 2480
279 2666.67
280 2873.33
281 1933.33
282 1546.67
283 1620
284 1680
285 1726.67
286 1760
287 1780
288 1793.33
289 1800
290 1800
291 1800
292 1800
293 1806.67
294 1813.33
295 1826.67
296 1846.67
297 1886.67
298 1926.67
299 1993.33
300 2073.33
301.01 2180
302 2300
303 2440
304 2613.33
305 2813.33
306 2073.33
307 2220
308 2386.67
309 2520
310 2633.33
311 2726.67
312 2800
313 2853.33
314 2893.33
315 2926.67
316 2946.67
317 2960
318 2960
319 2966.67
320 2966.67
321 2966.67
322 2046.67
323 2253.33
324 2406.67
325 2540
326 2646.67
327 2740
328 2813.33
329 2866.67
330 2906.67
331 2933.33
332 2953.33
333 2960
334 2966.67
335 2966.67
336 2966.67
337 2966.67
338 2973.33
339 2980
340 3000
341 3026.67
342 3066.67
343 3120
344 3186.67
345 3273.33
346 3386.67
347 3513.33
348 1733.33
349 1833.33
350 1920
351 1980
352 2026.67
353 2053.33
354 2080
355 2093.33
356 2100
357 2100
358 2100
359 2100
360 2106.67
361 2113.33
362 2126.67
363 2146.67
364 2180
365 2226.67
366 2286.67
367 2366.67
368 2466.67
369 2586.67
370 2733.33
371 2893.33
372 3093.33
373 2226.67
374 2413.33
375 2566.67
376 2700
377 2813.33
378 2900
379 2973.33
380 3026.67
381 3073.33
382 3100
383 3113.33
384 3126.67
385 3133.33
386 3133.33
387 3133.33
388 3133.33
389 3140
390 3146.67
391 3166.67
392 3193.33
393 3233.33
394 3280
395 3346.67
396 3433.33
397 12.2667
398 1786.67
399 1860
400 1933.33
401 1980
402 2013.33
403 2033.33
404 2053.33
405 2060
406 2060
407 2060
408 2060
409 2066.67
410 2073.33
411 2080
412 2106.67
413 2133.33
414 2180
415 2240
416 2313.33
417 2413.33
418 2533.33
419 2666.67
420 2826.67
421 2806.67
422 2206.67
423 2380
424 2513.33
425 2640
426 2740
427 2820
428 2880
429 2926.67
430 2960
431 2986.67
432 3000
433 3006.67
434 3006.67
435 3006.67
436 3006.67
437 3013.33
438 3020
439 3033.33
440 3053.33
441 3086.67
442 3133.33
443 3193.33
444 3273.33
445 3366.67
446 1666.67
447 1760
448 1840
449 1900
450 1946.67
451 1980
452 2000
453 2013.33
454 2026.67
455 2026.67
456 2026.67
457 2026.67
458 2026.67
459 2033.33
460 2046.67
461 2073.33
462 2106.67
463 2146.67
464 2213.33
465 2293.33
466 2386.67
467 2513.33
468 2660
469 2833.33
470 1413.33
471 1493.33
472 1560
473 1606.67
474 1640
475 1666.67
476 1680
477 1686.67
478 1686.67
479 1686.67
480 1686.67
481.01 1693.33
482 1700
483 1713.33
484 1733.33
485 1760
486 1806.67
487 1873.33
488 1946.67
489.01 2033.33
490.01 1493.33
491 1626.67
492 1746.67
493 1846.67
494 1926.67
495.01 1946.67
496 980
497 1046.67
498 1093.33
499 1133.33
500 1153.33
