1.00 36.7333
2.00 250
3.00 1920
4.00 9533.33
5.00 10666.7
6.00 10666.7
7.00 10666.7
8.00 10666.7
9.00 10666.7
10.00 10666.7
11.00 10666.7
12.00 10666.7
13.00 10666.7
14.00 10666.7
15.00 10666.7
16.00 10666.7
17.00 10666.7
18.00 10666.7
19.00 10666.7
20.00 10666.7
21.00 10666.7
22.00 10666.7
23.00 10666.7
24.00 10666.7
25.00 10666.7
26.00 10666.7
27.00 10666.7
28.00 10666.7
29.00 10666.7
30.00 10666.7
31.00 10666.7
32.00 10666.7
33.00 10666.7
34.00 10666.7
35.00 10666.7
36.00 10666.7
37.00 10666.7
38.00 10666.7
39.00 10666.7
40.00 10666.7
41.00 10666.7
42.00 10666.7
43.00 10666.7
44.00 10666.7
45.00 10666.7
46.00 10666.7
47.00 10666.7
48.00 10666.7
49.00 10666.7
50.00 10666.7
51.00 10666.7
52.00 10666.7
53.00 10666.7
54.00 10666.7
55.00 10666.7
56.00 10666.7
57.00 10666.7
58.00 10666.7
59.00 10666.7
60.00 10666.7
61.01 10666.7
62.00 10666.7
63.01 10666.7
64.01 10666.7
65.00 10666.7
66.00 10666.7
67.00 10666.7
68.00 10666.7
69.00 10666.7
70.00 10666.7
71.00 10666.7
72.00 10666.7
73.00 10666.7
74.00 10666.7
75.00 10666.7
76.00 10666.7
77.00 10666.7
78.00 10666.7
79.00 10666.7
80.00 10666.7
81.00 10666.7
82.00 10666.7
83.00 10666.7
84.00 10666.7
85.00 10666.7
86.00 10666.7
87.00 10666.7
88.00 10666.7
89.00 10666.7
90.00 10666.7
91.00 10666.7
92.00 10666.7
93.00 10666.7
94.00 10666.7
95.00 10666.7
96.00 10666.7
97.00 10666.7
98.00 10666.7
99.00 10666.7
100.00 10666.7
101.00 10666.7
102.00 10666.7
103.00 10666.7
104.00 10666.7
105.00 10666.7
106.00 10666.7
107.00 10666.7
108.00 10666.7
109.00 10666.7
110.00 10666.7
111.00 10666.7
112.00 10666.7
113.00 10666.7
114.00 10666.7
115.00 10666.7
116.00 10666.7
117.00 10666.7
118.00 10666.7
119.00 10666.7
120.00 10666.7
121.00 10666.7
122.00 10666.7
123.00 10666.7
124.00 10666.7
125.00 10666.7
126.00 10666.7
127.00 10666.7
128.00 10666.7
129.00 10666.7
130.00 10666.7
131.00 10666.7
132.00 10666.7
133.00 10666.7
134.00 10666.7
135.00 10666.7
136.00 10666.7
137.00 10666.7
138.00 10666.7
139.00 10666.7
140.00 10666.7
141.00 10666.7
142.00 10666.7
143.00 10666.7
144.00 10666.7
145.00 10666.7
146.00 10666.7
147.00 10666.7
148.00 10666.7
149.00 10666.7
150.00 10666.7
151.00 10666.7
152.00 10666.7
153.00 10666.7
154.00 10666.7
155.00 10666.7
156.00 10666.7
157.00 10666.7
158.00 10666.7
159.00 10666.7
160.00 10666.7
161.00 10666.7
162.00 10666.7
163.00 10666.7
164.00 10666.7
165.00 10666.7
166.00 10666.7
167.00 10666.7
168.00 10666.7
169.00 10666.7
170.00 10666.7
171.00 10666.7
172.00 10666.7
173.00 10666.7
174.00 10666.7
175.00 10666.7
176.00 10666.7
177.00 10666.7
178.00 10666.7
179.00 10666.7
180.00 10666.7
181.00 10666.7
182.00 10666.7
183.00 10666.7
184.00 10666.7
185.00 10666.7
186.00 10666.7
187.00 10666.7
188.00 10666.7
189.00 10666.7
190.00 10666.7
191.00 10666.7
192.01 10666.7
193.00 10666.7
194.00 10666.7
195.01 10666.7
196.00 10666.7
197.00 7466.67
198.00 7466.67
199.00 7466.67
200.00 7466.67
201.00 4926.67
202.00 3460
203.00 5333.33
204.00 5333.33
205.00 5333.33
206.00 5333.33
207.00 5333.33
208.00 4520
209.00 3733.33
210.00 3893.33
211.00 4033.33
212.00 4153.33
213.00 4253.33
214.00 4340
215.00 4393.33
216.00 4446.67
217.00 4486.67
218.00 4506.67
219.00 4526.67
220.00 4533.33
221.00 4533.33
222.00 4533.33
223.00 4533.33
224.00 4540
225.00 4546.67
226.00 4546.67
227.00 4566.67
228.00 3080
229.00 3353.33
230.00 3593.33
231.00 3793.33
232.00 3960
233.00 4100
234.00 4213.33
235.00 4313.33
236.00 4386.67
237.00 4446.67
238.00 4493.33
239.00 4526.67
240.00 4546.67
241.00 4560
242.00 4566.67
243.00 4566.67
244.00 4566.67
245.00 4573.33
246.00 4573.33
247.00 4580
248.00 4593.33
249.00 4620
250.00 4653.33
251.00 4700
252.00 4766.67
253.00 4846.67
254.00 4946.67
255.00 5066.67
256.00 5213.33
257.00 5340
258.00 5340
259.00 5340
260.00 5340
261.00 5340
262.00 5340
263.00 5340
264.00 5340
265.00 5340
266.00 5340
267.00 5340
268.00 5340
269.00 5340
270.00 5340
271.00 5340
272.00 5340
273.00 5340
274.00 5340
275.00 5340
276.00 5340
277.00 5340
278.00 5340
279.00 5340
280.00 5340
281.00 5340
282.00 5340
283.00 5340
284.00 5340
285.00 5340
286.00 5340
287.00 5340
288.00 5340
289.00 5340
290.00 5340
291.00 5340
292.00 5340
293.00 5340
294.00 5340
295.00 5340
296.00 5340
297.00 5340
298.00 5340
299.00 5340
300.00 5340
301.00 5340
302.00 5340
303.00 5340
304.00 5340
305.00 5340
306.00 5340
307.00 5340
308.00 5340
309.00 5340
310.00 5340
311.00 5340
312.00 5340
313.00 5340
314.00 5340
315.00 5340
316.00 5340
317.00 5340
318.00 5340
319.00 5340
320.00 5340
321.00 5340
322.00 5340
323.00 5340
324.00 5340
325.00 5340
326.00 5340
327.00 5340
328.00 5340
329.00 5340
330.00 5340
331.00 5340
332.00 5340
333.00 5340
334.00 5340
335.00 5340
336.00 5340
337.00 5340
338.00 5340
339.01 5340
340.00 5340
341.00 5340
342.00 5340
343.00 5340
344.00 5340
345.00 5340
346.00 5340
347.00 5340
348.00 5340
349.00 5340
350.00 5340
351.00 5340
352.00 5340
353.00 5340
354.00 5340
355.00 5340
356.00 5340
357.00 5340
358.00 5340
359.00 5340
360.00 5340
361.00 5340
362.00 5340
363.00 5340
364.00 5340
365.00 5340
366.00 5340
367.00 5340
368.00 5340
369.00 5340
370.00 5340
371.00 5340
372.00 5340
373.00 5340
374.00 5340
375.00 5340
376.00 5340
377.00 5340
378.00 5340
379.00 5340
380.00 5340
381.00 5340
382.00 5340
383.00 5340
384.00 5340
385.00 5340
386.00 5340
387.00 5340
388.00 5340
389.00 5340
390.00 5340
391.00 5340
392.00 5340
393.00 5340
394.00 5340
395.00 5340
396.00 5340
397.00 5340
398.00 5340
399.00 5340
400.00 5340
401.00 5340
402.00 5340
403.00 5340
404.00 5340
405.00 5340
406.00 5340
407.00 5340
408.00 5340
409.00 5340
410.00 5340
411.00 5340
412.00 5340
413.00 5340
414.00 5340
415.00 5340
416.00 5340
417.00 5340
418.00 5340
419.00 5340
420.00 5340
421.00 5340
422.00 5340
423.00 5340
424.00 5340
425.00 5340
426.00 5340
427.00 5340
428.00 5340
429.00 5340
430.00 5340
431.00 5340
432.00 5340
433.00 5340
434.00 5340
435.00 3320
436.00 3813.33
437.00 4073.33
438.00 4306.67
439.00 4506.67
440.00 4680
441.00 4833.33
442.00 4953.33
443.00 5053.33
444.00 5133.33
445.00 5200
446.00 5253.33
447.00 5286.67
448.00 5313.33
449.00 5326.67
450.00 5333.33
451.00 5340
452.00 5340
453.00 5340
454.00 5340
455.00 5340
456.00 5340
457.00 5340
458.00 5340
459.00 5340
460.00 5340
461.00 5340
462.00 5340
463.00 5340
464.00 5340
465.00 5340
466.00 5340
467.00 5340
468.00 5340
469.00 5340
470.00 5340
471.00 5340
472.00 5340
473.00 5340
474.00 5340
475.00 5340
476.00 5340
477.00 5340
478.00 5340
479.00 5340
480.00 5340
481.00 5340
482.00 5340
483.00 5340
484.00 5340
485.00 5340
486.00 5340
487.00 5340
488.00 5340
489.00 5340
490.00 5340
491.00 5340
492.00 5340
493.00 5340
494.00 5340
495.00 5340
496.00 5340
497.00 5340
498.00 5340
499.00 5340
500.00 5340
