63 1.88667
64 15.0667
65 26.4
66 37.7333
67 49
68 60.3333
69 71.3333
70 84
71 94
72 134.667
73 197.333
74 278
75 242
76 275.333
77 298
78 310
79 316.667
80 318.667
81.01 318.667
82 242
83 275.333
84 298
85 310
86 316.667
87 318.667
88 318.667
89 318.667
90 322.667
91 330
92 345.333
93 368.667
94 404.667
95 453.333
96 519.333
97 601.333
98 546.667
99 261.333
100 279.333
101 288.667
102 292
103 293.333
104 303.333
105 314.667
106 325.333
107 335.333
108 345.333
109 358
110 400
111 456
112 530
113 621.333
114 720
115 398.667
116 428
117 446
118 456
119 460.667
120 462
121 462
122 462.667
123 467.333
124 478
125 496
126 523.333
127 562.667
128 618.667
129 673.333
130 760
131 873.333
132 693.333
133 773.333
134 840
135 893.333
136 933.333
137 953.333
138 973.333
139 980
140 986.667
141 986.667
142 986.667
143 986.667
144 720
145 800
146 860
147 906.667
148 946.667
149 485.333
150 526
151 554
152 572
153 582.667
154 586.667
155 587.333
156 587.333
157 588
158 592.667
159 603.333
160 622
161 649.333
162 673.333
163 726.667
164 800
165 886.667
166 693.333
167 760
168 583.333
169 630
170 664
171 673.333
172 686.667
173 693.333
174 693.333
175 693.333
176 693.333
177 693.333
178 700
179 713.333
180 535.333
181 604
182 656
183 680
184 706.667
185 720
186 726.667
187 733.333
188 733.333
189 733.333
190 733.333
191 740
192 753.333
193 773.333
194 574
195 647.333
196 686.667
197 366
198 396
199 416
200 428
201 433.333
202 434.667
203 434.667
204 435.333
205 439.333
206 448.667
207 464.667
208 490
209 528.667
210 580.667
211 309.333
212 330
213 342
214 348
215 350
216 350
217 357.333
218 367.333
219 378
220 387.333
221 402.667
222 439.333
223 490
224 557.333
225 642
226 726.667
227 400
228 428
229 444.667
230 454.667
231 458
232 459.333
233 459.333
234 460
235 466
236 477.333
237 494.667
238 524
239 565.333
240 433.333
241 493.333
242 538
243 570.667
244 591.333
245 604
246 610
247 612
248 612
249 612
250 615.333
251 624
252 639.333
253 337.333
254 360
255 372.667
256 378.667
257 380.667
258 380.667
259 382
260 392
261 401.333
262 411.333
263 430.667
264 466.667
265 515.333
266 580
267 664
268 753.333
269 412.667
270 444.667
271 327.333
272 358
273 377.333
274 388.667
275 394
276 394.667
277 394.667
278 396
279 400
280 409.333
281 425.333
282 452.667
283 490
284 542.667
285 612.667
286 686.667
287 378.667
288 407.333
289 426
290 435.333
291 440
292 441.333
293 441.333
294 442
295 446.667
296 457.333
297 475.333
298 503.333
299 542.667
300 598
301 670
302 526
303 591.333
304 310
305 339.333
306 358
307 368.667
308 373.333
309 374
310 374
311 378
312 387.333
313 396.667
314 407.333
315 435.333
316 475.333
317 530
318 600.667
319 673.333
320 378
321 409.333
322 430.667
323 443.333
324 448.667
325 450.667
326 450.667
327 450.667
328 454.667
329 462.667
330 478.667
331 503.333
332 539.333
333 590
334 657.333
335 726.667
336 581.333
337 443.333
338 478.667
339 504.667
340 519.333
341 528.667
342 532
343 532
344 532
345 533.333
346 540
347 422.667
348 467.333
349 499.333
350 520.667
351 533.333
352 539.333
353 541.333
354 541.333
355 541.333
356 544.667
357 553.333
358 568.667
359 592.667
360 512.667
361 496.667
362 544.667
363 580
364 603.333
365 617.333
366 440
367 477.333
368 502.667
369 518.667
370 526.667
371 530
372 530
373 530
374 532
375.01 335.333
376 422.667
377 466
378 496.667
379 516.667
380 528.667
381 534.667
382 535.333
383 535.333
384 535.333
385 540
386 549.333
387 564.667
388 591.333
389 628
390 459.333
391 357.333
392 378
393 391.333
394 396.667
395 398.667
396 398.667
397 398.667
398 402.667
399 411.333
400 426
401 451.333
402 487.333
403 537.333
404 605.333
405 673.333
406 780
407 906.667
408 1053.33
409 826.667
410 906.667
411 966.667
412 1013.33
413 1040
414 1066.67
415 1080
416 1086.67
417 846.667
418 585.333
419 617.333
420 640
421 653.333
422 660
423 662
424 662
425 662
426 664.667
427 673.333
428 673.333
429 693.333
430 726.667
431 780
432 840
433 656
434 720
435 780
436 826.667
437 860
438 886.667
439 900
440 906.667
441 906.667
442 906.667
443 906.667
444 906.667
445 920
446 933.333
447 693.333
448 766.667
449 826.667
450 866.667
451 900
452 920
453 686.667
454 726.667
455 753.333
456 773.333
457 780
458 786.667
459 786.667
460 786.667
461 786.667
462 409.333
463 440
464 460.667
465 473.333
466 478.667
467 480
468 480
469 480
470 483.333
471 493.333
472 509.333
473 534.667
474 571.333
475 623.333
476 673.333
477 720
478 610.667
479 667.333
480 693.333
481 720
482 740
483 753.333
484 760
485 760
486 760
487 760
488 760
489 584.667
490 650.667
491 680
492 720
493 740
494 753.333
495 766.667
496 766.667
497 766.667
498 766.667
499 766.667
500 773.333
