1.00 16.5
2.00 19.0
3.00 18.9
4.00 17.5
5.01 18.3
6.00 18.2
7.00 16.6
8.00 14.2
9.00 18.5
10.00 18.8
11.00 18.7
12.00 18.9
13.00 18.9
14.00 18.9
15.00 18.6
16.00 19.2
17.00 15.3
18.00 14.2
19.00 13.1
20.00 16.7
21.00 18.9
22.00 18.4
23.00 18.9
24.00 18.3
25.00 19.0
26.00 18.8
27.00 16.3
28.01 15.0
29.00 12.5
30.00 16.7
31.00 14.5
32.00 15.2
33.00 15.5
34.00 17.0
35.00 16.3
36.00 17.1
37.00 14.9
38.00 15.3
39.00 15.0
40.00 13.8
41.00 16.4
42.00 17.2
43.00 17.6
44.00 17.7
45.00 16.7
46.00 18.1
47.00 18.0
48.00 17.9
49.00 17.0
50.00 17.1
51.00 16.6
52.00 18.0
53.00 18.4
54.00 18.2
55.00 17.0
56.00 16.3
57.00 17.1
58.00 17.0
59.00 16.8
60.00 15.5
61.00 15.2
62.00 19.0
63.00 17.8
64.00 18.3
65.00 17.7
66.00 17.9
67.00 17.8
68.00 17.7
69.00 18.0
70.00 17.3
71.00 17.4
72.00 17.2
73.00 18.0
74.00 18.0
75.00 17.3
76.00 17.1
77.00 17.7
78.00 17.1
79.00 17.4
80.00 16.5
81.00 15.8
82.00 14.4
83.00 15.0
84.00 14.1
85.00 15.3
86.00 15.3
87.00 15.1
88.00 15.3
89.00 18.2
90.00 18.6
91.00 19.0
92.00 18.9
93.00 18.0
94.00 17.7
95.00 18.5
96.00 17.9
97.00 17.7
98.00 16.7
99.00 18.1
100.00 17.5
101.00 18.3
102.00 17.4
103.00 17.6
104.00 17.9
105.00 17.4
106.00 16.7
107.00 16.7
108.00 16.9
109.00 17.1
110.00 16.0
111.00 17.2
112.00 17.6
113.00 16.4
114.00 14.8
115.00 17.4
116.00 17.9
117.00 17.2
118.00 17.5
119.00 17.2
120.00 18.0
121.00 16.6
122.00 18.1
123.00 15.4
124.00 16.9
125.00 16.5
126.00 16.7
127.00 15.7
128.00 16.6
129.00 17.1
130.00 17.2
131.00 16.8
132.00 17.7
133.00 16.5
134.00 17.2
135.00 17.9
136.00 16.4
137.00 16.4
138.00 17.2
139.00 16.8
140.00 18.8
141.00 17.3
142.00 18.6
143.00 17.1
144.00 17.0
145.00 17.2
146.00 17.9
147.00 17.4
148.00 17.2
149.00 17.8
150.00 18.0
151.00 17.1
152.00 17.7
153.00 16.8
154.00 15.9
155.00 16.0
156.00 15.2
157.00 17.0
158.00 17.5
159.00 16.6
160.00 18.1
161.00 15.8
162.00 16.3
163.00 17.8
164.00 16.5
165.00 17.3
166.00 16.2
167.00 15.0
168.00 15.3
169.00 16.5
170.00 17.7
171.00 15.3
172.00 16.4
173.00 16.1
174.00 15.9
175.00 14.6
176.00 18.8
177.00 18.1
178.00 17.4
179.00 17.7
180.00 17.8
181.00 16.4
182.00 18.0
183.00 18.8
184.00 17.0
185.00 17.3
186.00 18.6
187.00 19.2
188.00 17.8
189.00 18.5
190.00 16.2
191.00 15.8
192.00 15.8
193.00 16.9
194.00 17.1
195.00 15.6
196.00 12.2
197.00 14.2
198.00 14.4
199.00 14.8
200.00 14.0
201.00 14.0
202.00 15.1
203.00 16.0
204.00 14.8
205.00 15.9
206.00 18.1
207.00 18.6
208.00 17.7
209.00 18.0
210.00 15.9
211.00 16.4
212.00 18.4
213.00 18.6
214.00 18.0
215.00 17.1
216.00 15.5
217.00 15.7
218.00 16.0
219.00 15.1
220.00 13.5
221.00 14.0
222.00 13.3
223.00 13.1
224.00 12.7
225.00 13.5
226.00 11.3
227.00 12.4
228.00 12.6
229.00 11.7
230.00 12.4
231.00 12.6
232.00 12.3
233.00 12.5
234.00 12.7
235.00 12.8
236.00 13.3
237.00 12.4
238.00 13.1
239.00 12.8
240.00 12.4
241.00 12.7
242.00 13.3
243.00 12.7
244.00 12.8
245.00 12.5
246.00 13.2
247.00 13.0
248.00 12.9
249.00 13.1
250.00 13.5
251.00 13.4
252.00 13.3
253.00 13.2
254.00 13.6
255.00 13.0
256.00 12.5
257.00 12.7
258.00 13.2
259.00 13.0
260.00 12.9
261.00 13.1
262.00 13.3
263.00 12.5
264.00 12.5
265.00 12.8
266.00 13.7
267.00 15.1
268.00 14.7
269.00 13.3
270.00 13.8
271.00 13.9
272.00 16.0
273.00 15.5
274.00 16.1
275.00 16.3
276.00 15.2
277.00 14.6
278.00 14.9
279.00 16.1
280.00 15.9
281.00 13.7
282.00 14.4
283.00 14.3
284.00 15.4
285.00 15.7
286.00 13.0
287.00 9.95
288.00 13.2
289.00 13.0
290.00 12.7
291.00 12.0
292.00 11.8
293.00 12.3
294.00 12.4
295.00 12.7
296.00 12.2
297.00 11.8
298.00 12.5
299.00 12.7
300.00 11.2
301.00 12.3
302.00 13.4
303.00 12.7
304.00 13.3
305.00 11.9
306.00 12.3
307.00 12.8
308.00 13.4
309.00 13.9
310.00 16.8
311.00 16.5
312.00 16.6
313.00 16.2
314.00 14.0
315.00 15.1
316.00 16.9
317.00 16.6
318.00 16.4
319.00 16.5
320.00 16.2
321.00 15.7
322.00 16.2
323.00 15.4
324.00 15.2
325.00 15.9
326.00 15.2
327.00 14.2
328.00 14.6
329.00 14.6
330.00 13.0
331.00 13.8
332.00 13.6
333.00 12.8
334.00 13.4
335.00 12.4
336.00 13.8
337.00 12.4
338.00 12.6
339.00 14.4
340.00 14.8
341.00 14.7
342.00 13.4
343.00 15.2
344.00 13.6
345.00 15.4
346.00 16.6
347.00 15.2
348.00 15.1
349.00 13.9
350.00 14.6
351.00 15.2
352.00 15.9
353.00 15.8
354.00 15.3
355.00 14.1
356.00 14.4
357.00 14.2
358.00 15.9
359.00 14.5
360.00 11.9
361.00 12.1
362.00 13.1
363.00 13.7
364.00 14.2
365.00 13.2
366.00 13.4
367.00 12.7
368.00 13.1
369.00 13.4
370.00 12.4
371.00 11.9
372.00 12.7
373.02 12.7
374.00 9.23
375.00 9.57
376.00 10.3
377.00 11.6
378.00 14.7
379.00 14.9
380.00 14.3
381.00 15.8
382.00 15.3
383.00 15.1
384.00 15.7
385.00 16.3
386.00 16.2
387.00 15.9
388.00 16.5
389.00 16.1
390.00 16.8
391.00 16.2
392.00 15.5
393.00 16.3
394.00 16.6
395.00 15.6
396.00 15.7
397.00 15.4
398.00 13.0
399.00 15.8
400.00 16.4
401.00 16.2
402.00 14.6
403.00 16.5
404.00 16.0
405.00 14.7
406.00 15.5
407.00 14.8
408.00 15.6
409.00 14.5
410.00 14.9
411.00 15.2
412.00 15.1
413.00 15.2
414.00 15.7
415.00 16.8
416.00 14.7
417.00 12.7
418.00 14.9
419.00 13.8
420.00 15.1
421.00 14.6
422.00 13.6
423.00 12.5
424.00 13.6
425.00 12.8
426.00 12.8
427.00 13.8
428.00 13.3
429.00 13.0
430.00 12.6
431.00 12.6
432.00 13.4
433.00 12.9
434.00 13.2
435.00 13.3
436.00 13.5
437.00 13.3
438.00 13.6
439.00 13.6
440.00 14.8
441.00 14.4
442.00 15.3
443.00 14.7
444.00 14.3
445.00 15.3
446.00 15.2
447.00 14.5
448.00 14.1
449.00 15.0
450.00 14.3
451.00 14.4
452.00 14.7
453.00 14.4
454.00 14.3
455.00 13.6
456.00 14.8
457.00 14.8
458.00 14.4
459.00 14.6
460.00 9.25
461.00 12.5
462.00 13.2
463.00 13.9
464.00 13.2
465.00 13.3
466.00 13.7
467.00 13.3
468.00 13.6
469.00 12.3
470.00 12.7
471.00 12.3
472.00 13.3
473.00 13.1
474.00 13.3
475.00 13.0
476.00 12.6
477.00 12.7
478.00 12.7
479.00 13.1
480.00 13.2
481.00 13.4
482.00 15.2
483.00 15.5
484.00 15.6
485.00 15.2
486.00 15.4
487.00 15.8
488.00 15.2
489.00 15.6
490.00 15.2
491.00 15.1
492.00 15.2
493.00 15.2
494.00 14.5
495.00 14.5
496.00 14.4
497.00 15.3
498.00 14.7
499.00 15.3
500.00 14.8
500.00 5.51
