1.00 16.5
2.00 16.4
3.00 16.6
4.00 16.8
5.00 17.2
6.00 15.3
7.00 12.4
8.00 15.1
9.00 16.3
10.00 16.4
11.00 16.4
12.00 16.0
13.00 16.3
14.00 16.4
15.00 16.6
16.00 16.4
17.00 17.0
18.00 17.1
19.00 17.0
20.00 17.0
21.00 16.8
22.00 17.2
23.00 16.6
24.00 17.2
25.00 17.2
26.00 17.3
27.00 17.0
28.00 17.2
29.00 17.1
30.00 17.1
31.00 17.1
32.00 17.0
33.00 16.5
34.00 16.5
35.00 16.4
36.00 16.5
37.00 16.3
38.00 16.3
39.00 16.3
40.00 16.5
41.00 16.3
42.00 16.3
43.00 15.9
44.00 17.2
45.00 17.2
46.00 17.2
47.00 17.2
48.00 17.2
49.00 17.2
50.00 16.6
51.00 16.3
52.00 16.3
53.00 16.4
54.00 16.4
55.00 16.7
56.00 15.4
57.00 16.5
58.00 16.7
59.00 16.7
60.00 16.5
61.00 16.5
62.00 16.3
63.00 16.2
64.00 16.4
65.00 16.5
66.00 16.5
67.00 16.4
68.00 16.5
69.00 16.6
70.00 16.9
71.00 17.0
72.00 17.2
73.00 17.3
74.00 17.1
75.00 17.3
76.00 16.9
77.00 17.2
78.00 17.1
79.00 17.0
80.00 17.1
81.00 17.2
82.00 17.2
83.00 17.0
84.00 17.1
85.00 16.9
86.00 17.2
87.00 16.2
88.00 16.5
89.00 16.7
90.00 16.6
91.00 16.4
92.00 16.6
93.00 16.6
94.00 16.6
95.00 16.2
96.00 16.5
97.00 16.8
98.00 16.7
99.00 16.3
100.00 16.5
101.00 16.3
102.00 16.2
103.00 16.3
104.00 16.4
105.00 16.4
106.00 16.9
107.00 16.8
108.00 17.0
109.00 16.9
110.00 17.2
111.00 17.1
112.00 16.8
113.00 17.0
114.00 15.8
115.00 17.0
116.00 16.8
117.00 16.9
118.00 16.9
119.00 16.8
120.00 16.9
121.00 17.0
122.00 17.1
123.00 17.0
124.00 17.0
125.00 16.3
126.00 16.1
127.00 16.4
128.00 16.4
129.00 16.2
130.00 16.4
131.00 16.4
132.00 16.4
133.00 16.3
134.00 16.2
135.00 16.7
136.00 16.8
137.00 16.8
138.00 17.0
139.00 17.0
140.00 16.6
141.00 16.4
142.00 16.3
143.00 16.4
144.00 16.1
145.00 16.5
146.00 16.0
147.00 16.4
148.00 16.2
149.00 16.3
150.00 16.0
151.00 16.8
152.00 16.7
153.00 16.8
154.00 16.8
155.00 17.1
156.00 17.0
157.00 16.8
158.00 16.9
159.00 17.0
160.00 16.8
161.00 16.9
162.00 16.7
163.00 16.2
164.00 16.2
165.00 16.5
166.00 15.9
167.00 15.9
168.00 15.9
169.00 15.8
170.00 15.6
171.00 14.8
172.00 16.1
173.00 16.4
174.00 16.5
175.00 16.7
176.00 16.7
177.00 17.0
178.00 16.6
179.00 17.0
180.00 16.8
181.00 16.9
182.00 16.6
183.00 16.9
184.00 17.0
185.00 17.2
186.00 17.2
187.00 16.8
188.00 15.8
189.00 16.3
190.00 16.1
191.00 16.5
192.00 16.2
193.00 16.2
194.00 16.3
195.00 16.1
196.00 16.6
197.00 16.5
198.00 16.8
199.00 17.0
200.00 16.9
201.00 16.8
202.00 16.5
203.00 16.6
204.00 16.6
205.00 16.5
206.00 16.3
207.00 16.6
208.00 16.4
209.00 16.1
210.00 16.2
211.00 16.4
212.00 15.9
213.00 16.2
214.00 17.1
215.00 17.1
216.00 17.1
217.00 17.0
218.00 17.3
219.00 16.7
220.00 17.1
221.00 17.0
222.00 17.0
223.00 17.1
224.00 17.0
225.00 17.2
226.00 17.1
227.00 17.0
228.00 16.8
229.00 15.1
230.00 16.9
231.00 16.9
232.00 16.9
233.00 16.9
234.00 16.6
235.00 16.3
236.00 16.6
237.00 16.3
238.00 16.2
239.00 16.3
240.00 16.4
241.00 16.6
242.00 16.3
243.00 16.4
244.00 16.4
245.00 16.2
246.00 16.5
247.00 16.5
248.00 16.7
249.00 16.4
250.00 16.3
251.00 17.1
252.00 17.1
253.00 17.1
254.00 17.1
255.00 17.0
256.00 17.0
257.00 16.7
258.00 17.0
259.00 16.8
260.00 16.8
261.00 16.9
262.00 17.2
263.00 17.0
264.00 17.2
265.00 17.1
266.00 17.2
267.00 17.1
268.00 17.2
269.00 17.0
270.00 17.1
271.00 16.4
272.00 17.0
273.00 16.9
274.00 17.0
275.00 17.2
276.00 17.2
277.00 16.9
278.00 17.0
279.00 16.5
280.00 16.3
281.00 16.5
282.00 16.2
283.00 16.5
284.00 16.4
285.00 16.5
286.00 16.3
287.00 15.1
288.00 16.7
289.00 16.4
290.00 16.5
291.00 16.5
292.00 16.5
293.00 17.1
294.00 17.1
295.00 17.0
296.00 17.2
297.00 17.0
298.00 17.1
299.00 16.9
300.00 17.0
301.00 17.3
302.00 16.8
303.00 17.3
304.00 17.2
305.00 17.2
306.00 17.1
307.00 17.2
308.00 17.1
309.00 17.1
310.00 17.1
311.00 17.1
312.00 16.8
313.00 17.1
314.00 16.9
315.00 17.0
316.00 16.9
317.00 17.1
318.00 16.6
319.00 16.6
320.00 16.6
321.00 16.5
322.00 16.3
323.00 16.2
324.00 16.2
325.00 16.8
326.00 16.4
327.00 16.3
328.00 16.3
329.00 16.5
330.00 16.5
331.00 16.7
332.00 16.3
333.00 16.1
334.00 16.6
335.00 16.7
336.00 16.5
337.00 16.4
338.00 16.4
339.00 17.1
340.00 16.8
341.00 16.9
342.00 17.1
343.00 16.9
344.00 15.5
345.00 17.2
346.00 17.0
347.00 17.0
348.00 17.0
349.00 16.9
350.00 17.1
351.00 17.1
352.00 16.9
353.00 17.1
354.00 17.0
355.00 17.1
356.00 17.0
357.00 16.6
358.00 16.3
359.00 16.4
360.00 16.5
361.00 16.6
362.00 16.3
363.00 16.3
364.00 16.1
365.00 16.3
366.00 16.6
367.00 16.5
368.00 16.9
369.00 16.9
370.00 17.3
371.00 17.0
372.00 17.2
373.00 16.8
374.00 16.4
375.00 17.0
376.00 16.6
377.00 16.7
378.00 16.6
379.00 16.4
380.00 16.2
381.00 16.3
382.00 16.5
383.00 16.3
384.00 16.7
385.00 16.1
386.00 17.0
387.00 17.1
388.00 16.9
389.00 17.2
390.00 17.4
391.00 17.1
392.00 17.1
393.00 17.0
394.00 16.9
395.00 17.1
396.00 16.7
397.00 16.6
398.00 16.5
399.00 16.4
400.00 16.5
401.00 16.5
402.00 15.0
403.00 16.0
404.00 16.3
405.00 16.2
406.00 16.8
407.00 16.8
408.00 16.8
409.00 17.0
410.00 17.0
411.00 16.8
412.00 16.7
413.00 17.0
414.00 17.0
415.00 16.9
416.00 16.7
417.00 16.9
418.00 17.3
419.00 16.9
420.00 16.9
421.00 17.0
422.00 17.0
423.00 16.3
424.00 16.5
425.00 16.5
426.00 16.0
427.00 16.7
428.00 16.6
429.00 16.6
430.00 16.9
431.00 16.5
432.00 16.5
433.00 17.0
434.00 17.1
435.00 17.1
436.00 17.0
437.00 17.2
438.00 16.5
439.00 16.4
440.00 16.8
441.00 16.3
442.00 16.5
443.00 16.5
444.00 16.5
445.00 16.4
446.00 16.1
447.00 16.2
448.00 16.6
449.00 17.0
450.00 16.8
451.00 16.9
452.00 17.1
453.00 16.6
454.00 16.9
455.00 17.1
456.00 16.9
457.00 16.4
458.00 16.9
459.00 17.0
460.00 15.3
461.00 16.9
462.00 16.9
463.00 16.8
464.00 16.4
465.00 16.4
466.00 16.1
467.00 16.2
468.00 15.7
469.00 15.9
470.00 15.8
471.00 16.2
472.00 15.9
473.00 16.1
474.00 16.6
475.00 16.9
476.00 17.1
477.00 17.0
478.00 16.8
479.00 17.1
480.00 16.2
481.00 16.4
482.00 16.5
483.00 16.1
484.00 16.3
485.00 16.4
486.00 16.5
487.00 16.0
488.00 15.9
489.00 16.3
490.00 16.7
491.00 17.2
492.00 16.8
493.00 17.2
494.00 17.0
495.00 16.8
496.00 16.7
497.00 16.9
498.00 16.8
499.00 16.8
500.00 16.7
500.05 15.9
