1.00 12.4
2.00 14.1
3.00 14.1
4.00 13.0
5.00 13.5
6.00 13.0
7.00 12.3
8.00 10.6
9.00 13.9
10.00 14.1
11.00 14.1
12.00 14.1
13.00 13.7
14.00 14.0
15.00 14.2
16.00 14.3
17.00 11.7
18.00 10.5
19.00 9.79
20.00 12.5
21.00 13.8
22.00 13.8
23.00 14.2
24.00 14.0
25.00 14.2
26.00 14.2
27.00 12.2
28.00 11.5
29.00 8.68
30.00 12.4
31.00 10.5
32.00 11.2
33.00 11.7
34.00 12.3
35.00 12.2
36.00 12.6
37.00 11.1
38.00 11.2
39.00 11.4
40.00 10.6
41.00 11.9
42.00 12.5
43.00 13.0
44.00 13.2
45.00 12.6
46.00 12.9
47.00 13.5
48.00 13.2
49.00 12.8
50.00 12.7
51.00 12.5
52.00 13.1
53.00 13.3
54.00 13.1
55.00 13.2
56.00 12.1
57.00 13.1
58.00 13.0
59.00 12.9
60.00 11.8
61.00 11.6
62.00 13.3
63.00 13.3
64.00 13.6
65.00 13.2
66.00 13.3
67.00 13.6
68.00 13.0
69.00 13.0
70.00 12.7
71.00 12.8
72.00 12.9
73.00 13.3
74.00 13.1
75.00 13.2
76.00 12.7
77.00 12.9
78.00 12.9
79.00 13.0
80.00 12.3
81.00 11.7
82.00 11.2
83.00 11.6
84.00 11.0
85.00 11.8
86.00 11.6
87.00 11.8
88.00 12.0
89.00 13.4
90.00 13.8
91.00 13.8
92.00 13.4
93.00 13.3
94.00 13.0
95.00 13.8
96.00 13.4
97.00 13.3
98.00 12.8
99.00 13.4
100.00 13.1
101.00 13.2
102.00 13.1
103.00 13.4
104.00 13.2
105.00 13.0
106.00 12.7
107.00 12.5
108.00 12.6
109.00 12.7
110.00 12.5
111.00 13.0
112.00 13.1
113.00 12.1
114.00 11.3
115.00 12.8
116.00 12.9
117.00 12.5
118.00 13.1
119.00 13.1
120.00 13.1
121.00 12.5
122.00 13.5
123.00 11.8
124.00 12.4
125.00 12.0
126.00 12.6
127.00 11.8
128.00 12.8
129.00 12.9
130.00 12.9
131.00 12.4
132.00 12.9
133.00 12.2
134.00 13.0
135.00 13.3
136.00 12.3
137.00 12.4
138.00 12.8
139.00 12.6
140.00 13.5
141.00 12.7
142.00 13.7
143.00 12.8
144.00 13.0
145.00 13.1
146.00 13.3
147.00 12.9
148.00 12.7
149.00 13.1
150.00 13.4
151.00 12.8
152.00 13.0
153.00 12.4
154.00 12.2
155.00 12.1
156.00 11.4
157.00 12.5
158.00 13.1
159.00 12.6
160.00 13.4
161.00 12.1
162.00 12.5
163.00 13.1
164.00 11.9
165.00 13.1
166.00 12.7
167.00 11.4
168.00 11.8
169.00 12.5
170.00 13.2
171.00 11.2
172.00 12.0
173.00 11.7
174.00 11.9
175.00 11.4
176.00 13.8
177.00 13.5
178.00 12.8
179.00 12.8
180.00 12.9
181.00 11.8
182.00 13.2
183.00 13.9
184.00 12.6
185.00 12.9
186.00 13.7
187.00 14.0
188.00 12.8
189.00 13.5
190.00 12.3
191.00 11.9
192.00 11.5
193.00 12.6
194.00 13.1
195.00 11.4
196.00 9.63
197.00 10.7
198.00 11.3
199.00 11.7
200.00 10.6
201.00 10.7
202.00 11.8
203.00 12.3
204.00 11.4
205.00 12.1
206.00 12.8
207.00 14.0
208.00 13.2
209.00 13.2
210.00 12.4
211.00 12.4
212.00 13.4
213.00 13.3
214.00 13.4
215.00 12.8
216.00 11.3
217.00 10.9
218.00 11.5
219.00 11.7
220.00 13.3
221.00 13.7
222.00 13.0
223.00 13.1
224.00 12.9
225.00 13.7
226.00 11.2
227.00 12.3
228.00 12.6
229.00 11.4
230.00 12.2
231.00 12.7
232.00 12.4
233.00 12.7
234.00 12.6
235.00 12.8
236.00 13.1
237.00 12.2
238.00 12.7
239.00 12.9
240.00 12.6
241.00 12.9
242.00 13.2
243.00 12.7
244.00 12.7
245.00 12.3
246.00 12.9
247.00 13.2
248.00 13.1
249.00 13.2
250.00 13.4
251.00 13.3
252.00 13.2
253.00 12.7
254.00 13.6
255.00 13.2
256.00 12.9
257.00 12.6
258.00 13.1
259.00 12.9
260.00 12.7
261.00 12.7
262.00 13.4
263.00 12.6
264.00 12.7
265.00 12.7
266.00 13.7
267.00 15.0
268.00 14.3
269.00 13.2
270.00 13.9
271.00 14.2
272.00 16.0
273.00 15.3
274.00 15.8
275.00 15.7
276.00 15.3
277.00 15.0
278.00 15.2
279.00 15.8
280.00 15.8
281.00 13.5
282.00 14.0
283.00 14.4
284.00 15.8
285.00 15.7
286.00 13.0
287.00 9.85
288.00 13.1
289.00 12.8
290.00 12.6
291.00 12.1
292.00 12.0
293.00 12.3
294.00 12.2
295.00 12.6
296.00 12.1
297.00 11.7
298.00 12.1
299.00 12.9
300.00 11.4
301.00 12.5
302.00 13.3
303.00 12.7
304.00 13.1
305.00 11.8
306.00 11.9
307.00 13.0
308.00 13.6
309.00 13.9
310.00 16.7
311.00 16.4
312.00 16.2
313.00 15.9
314.00 14.1
315.00 15.5
316.00 16.7
317.00 16.6
318.00 16.1
319.00 16.0
320.00 16.5
321.00 16.1
322.00 16.1
323.00 15.4
324.00 15.0
325.00 15.4
326.00 15.4
327.00 14.5
328.00 14.8
329.00 14.3
330.00 12.9
331.00 13.6
332.00 13.2
333.00 12.7
334.00 13.6
335.00 12.6
336.00 13.8
337.00 12.3
338.00 12.5
339.00 14.2
340.00 14.4
341.00 14.9
342.00 13.5
343.00 15.3
344.00 13.5
345.00 15.3
346.00 16.4
347.00 14.8
348.00 15.4
349.00 14.3
350.00 14.6
351.00 15.0
352.00 15.9
353.00 15.4
354.00 15.0
355.00 14.3
356.00 14.8
357.00 14.0
358.00 15.7
359.00 14.5
360.00 11.7
361.00 11.8
362.00 13.4
363.00 14.0
364.00 14.1
365.00 13.0
366.00 13.4
367.00 12.6
368.00 12.7
369.00 13.5
370.00 12.6
371.00 12.3
372.00 12.6
373.00 12.9
374.00 9.04
375.01 9.60
376.01 10.2
377.00 11.2
378.00 14.8
379.00 15.2
380.00 14.3
381.00 15.5
382.00 15.3
383.00 14.9
384.00 15.2
385.00 16.6
386.00 16.6
387.00 15.7
388.00 16.3
389.00 16.0
390.00 16.3
391.00 16.5
392.00 15.9
393.00 16.2
394.00 16.5
395.00 15.6
396.00 15.3
397.00 15.4
398.00 13.4
399.00 16.1
400.00 16.3
401.00 16.2
402.00 14.4
403.00 16.0
404.00 16.4
405.00 15.1
406.00 15.3
407.00 14.7
408.00 15.6
409.00 14.1
410.00 14.8
411.00 15.5
412.00 15.3
413.00 15.0
414.00 15.6
415.00 16.5
416.00 14.3
417.00 12.9
418.00 15.2
419.00 13.8
420.00 14.9
421.00 14.5
422.00 13.4
423.00 11.9
424.00 13.6
425.00 13.0
426.00 13.1
427.00 13.6
428.00 13.3
429.00 12.9
430.00 12.5
431.00 12.1
432.00 13.6
433.00 13.1
434.00 13.4
435.00 13.1
436.00 13.5
437.00 13.1
438.00 13.4
439.00 13.2
440.00 15.2
441.00 14.9
442.00 15.0
443.00 14.6
444.00 14.2
445.00 14.9
446.00 15.0
447.00 14.7
448.00 14.4
449.00 14.7
450.00 14.3
451.00 14.2
452.00 14.4
453.00 14.2
454.00 14.6
455.00 13.9
456.00 14.6
457.00 14.7
458.00 14.4
459.00 14.3
460.00 9.18
461.00 12.6
462.00 13.6
463.00 13.7
464.00 13.1
465.00 13.3
466.00 13.6
467.00 12.9
468.00 13.6
469.00 12.4
470.00 12.9
471.00 12.2
472.00 13.2
473.00 13.1
474.00 13.2
475.00 12.5
476.00 12.7
477.00 13.0
478.00 12.8
479.00 12.9
480.00 13.1
481.00 13.3
482.00 14.9
483.00 15.1
484.00 16.0
485.00 15.6
486.00 15.1
487.00 15.7
488.00 15.1
489.00 15.1
490.00 15.2
491.00 15.5
492.00 15.1
493.00 15.1
494.00 14.5
495.00 14.5
496.00 14.0
497.00 15.6
498.00 15.3
499.00 15.1
500.00 14.7
500.03 3.26
