1.00 15.8
2.00 16.4
3.00 16.3
4.00 16.8
5.00 16.9
6.00 15.1
7.00 12.3
8.00 15.3
9.00 16.1
10.00 16.3
11.00 16.2
12.00 16.0
13.00 16.2
14.00 16.4
15.00 16.3
16.00 16.3
17.00 17.0
18.00 16.8
19.00 17.0
20.00 17.1
21.00 16.9
22.00 17.1
23.00 16.6
24.00 17.1
25.00 17.0
26.00 17.1
27.00 17.0
28.00 17.0
29.00 16.8
30.00 17.1
31.00 17.0
32.00 16.9
33.00 16.4
34.00 16.3
35.00 16.4
36.00 16.2
37.00 16.3
38.00 16.2
39.00 16.3
40.00 16.3
41.00 16.1
42.00 16.2
43.00 15.7
44.00 17.1
45.00 17.1
46.00 17.2
47.00 17.1
48.00 17.1
49.00 17.0
50.00 16.4
51.00 16.2
52.00 16.0
53.00 16.3
54.00 16.4
55.00 16.5
56.00 15.1
57.00 16.3
58.00 16.6
59.00 16.5
60.00 16.4
61.00 16.4
62.00 16.4
63.00 16.4
64.00 16.4
65.00 16.4
66.00 16.4
67.00 16.3
68.00 16.5
69.00 16.6
70.00 16.6
71.00 17.0
72.00 17.1
73.00 17.2
74.00 17.2
75.00 17.2
76.00 17.0
77.00 17.1
78.00 17.2
79.00 17.0
80.00 17.1
81.00 17.3
82.00 17.1
83.00 16.8
84.00 17.0
85.00 16.9
86.00 17.1
87.00 16.2
88.00 16.6
89.00 16.6
90.00 16.7
91.00 16.2
92.00 16.4
93.00 16.4
94.00 16.6
95.00 15.9
96.00 16.6
97.00 16.5
98.00 16.5
99.00 16.2
100.00 16.4
101.00 16.3
102.00 16.1
103.00 16.2
104.00 16.2
105.00 16.3
106.00 16.9
107.00 16.8
108.00 16.8
109.00 17.0
110.00 16.8
111.00 17.2
112.00 16.8
113.00 16.8
114.00 15.6
115.00 16.9
116.00 16.7
117.00 16.6
118.00 16.9
119.00 16.5
120.00 17.0
121.00 17.0
122.00 17.0
123.00 16.9
124.00 17.0
125.00 16.2
126.00 16.1
127.00 16.2
128.00 16.3
129.00 16.2
130.00 16.3
131.00 16.3
132.00 16.3
133.00 16.1
134.00 16.3
135.00 16.5
136.00 16.7
137.00 16.7
138.00 16.7
139.00 17.0
140.00 16.6
141.00 16.4
142.00 16.3
143.00 16.4
144.00 16.0
145.00 16.1
146.00 16.0
147.00 16.2
148.00 16.1
149.00 16.3
150.00 16.1
151.00 16.9
152.00 16.6
153.00 16.9
154.00 16.7
155.00 17.0
156.00 16.8
157.00 16.5
158.00 16.9
159.00 16.7
160.00 16.9
161.00 16.8
162.00 16.5
163.00 16.3
164.00 16.1
165.00 16.4
166.00 16.0
167.00 15.7
168.00 15.8
169.00 15.9
170.00 15.7
171.00 14.8
172.00 15.8
173.00 16.5
174.00 16.2
175.00 16.5
176.00 16.8
177.00 17.1
178.00 16.6
179.00 17.0
180.00 16.6
181.00 17.1
182.00 16.7
183.00 16.9
184.00 16.9
185.00 17.1
186.00 17.1
187.00 16.9
188.00 15.9
189.00 16.3
190.00 16.1
191.00 16.4
192.00 15.9
193.00 16.1
194.00 16.1
195.00 16.4
196.00 16.6
197.00 16.3
198.00 16.8
199.00 17.0
200.00 16.9
201.00 16.6
202.00 16.5
203.00 16.3
204.00 16.6
205.00 16.4
206.00 16.2
207.00 16.4
208.00 16.3
209.00 15.8
210.00 16.2
211.00 16.3
212.00 16.0
213.00 16.2
214.00 17.1
215.00 17.3
216.00 17.0
217.00 16.8
218.00 16.9
219.00 16.4
220.00 17.1
221.00 17.0
222.00 16.9
223.00 17.0
224.00 17.1
225.00 17.2
226.00 17.0
227.00 16.6
228.00 16.7
229.00 15.3
230.00 16.8
231.00 16.7
232.00 16.9
233.00 16.8
234.00 16.7
235.00 16.2
236.00 16.5
237.00 16.1
238.00 16.4
239.00 16.2
240.00 16.0
241.00 16.5
242.00 16.0
243.00 16.2
244.00 16.4
245.00 16.2
246.00 16.3
247.00 16.3
248.00 16.6
249.00 16.4
250.00 16.4
251.00 16.9
252.00 17.1
253.00 16.8
254.00 17.0
255.00 16.9
256.00 16.9
257.00 16.9
258.00 16.9
259.00 16.7
260.00 16.7
261.00 16.9
262.00 17.0
263.00 16.7
264.00 17.0
265.00 17.0
266.00 17.1
267.00 17.0
268.00 17.1
269.00 16.9
270.00 16.8
271.00 16.5
272.00 16.8
273.00 17.0
274.00 17.0
275.00 17.3
276.00 17.1
277.00 16.9
278.00 17.0
279.00 16.5
280.00 16.2
281.00 16.3
282.00 16.1
283.00 16.3
284.00 16.3
285.00 16.5
286.00 16.4
287.00 15.0
288.00 16.4
289.00 16.6
290.00 16.4
291.00 16.4
292.00 16.6
293.00 17.0
294.00 16.9
295.00 17.0
296.00 16.9
297.00 17.0
298.00 17.0
299.00 17.0
300.00 17.0
301.00 17.2
302.00 16.4
303.00 17.0
304.00 17.0
305.00 16.9
306.00 17.0
307.00 17.2
308.00 16.9
309.00 16.9
310.00 16.8
311.00 17.1
312.00 16.7
313.00 17.0
314.00 16.8
315.00 17.1
316.00 17.0
317.00 17.0
318.00 16.5
319.00 16.3
320.00 16.2
321.00 16.3
322.00 16.1
323.00 16.2
324.00 16.1
325.00 16.6
326.00 16.4
327.00 16.3
328.00 16.3
329.00 16.4
330.00 16.2
331.00 16.6
332.00 16.4
333.00 16.3
334.00 16.6
335.00 16.5
336.00 16.4
337.00 16.4
338.00 16.5
339.00 17.1
340.00 16.9
341.00 16.7
342.00 16.7
343.00 16.8
344.00 15.3
345.00 17.1
346.00 17.0
347.00 17.1
348.00 16.8
349.00 17.1
350.00 17.2
351.00 17.2
352.00 16.8
353.00 17.0
354.00 16.8
355.00 17.0
356.00 17.0
357.00 16.6
358.00 16.4
359.00 16.3
360.00 16.4
361.00 16.5
362.00 16.4
363.00 16.2
364.00 15.8
365.00 16.4
366.00 16.3
367.00 16.5
368.00 17.0
369.00 16.9
370.00 17.0
371.00 17.0
372.00 16.9
373.00 17.0
374.00 16.4
375.00 16.7
376.00 16.5
377.00 16.4
378.00 16.5
379.00 16.3
380.00 16.0
381.00 16.3
382.00 16.4
383.00 16.3
384.00 16.4
385.00 15.9
386.00 17.0
387.00 17.0
388.00 17.2
389.00 17.0
390.00 17.2
391.00 17.0
392.00 16.9
393.00 16.9
394.00 17.1
395.00 16.9
396.00 16.3
397.00 16.4
398.00 16.4
399.00 16.1
400.00 16.4
401.00 16.2
402.00 15.1
403.00 15.8
404.00 16.1
405.00 16.1
406.00 16.7
407.00 16.8
408.00 16.9
409.00 16.9
410.00 17.0
411.00 16.7
412.00 16.7
413.00 16.9
414.00 16.8
415.00 16.7
416.00 16.8
417.00 16.9
418.00 17.0
419.00 17.0
420.00 16.9
421.00 17.1
422.00 16.8
423.00 16.0
424.00 16.4
425.00 16.4
426.00 16.1
427.00 16.8
428.00 16.5
429.00 16.2
430.00 16.5
431.00 16.7
432.00 16.3
433.00 16.9
434.00 17.0
435.00 17.1
436.00 16.8
437.00 17.1
438.00 16.3
439.00 16.5
440.00 16.6
441.00 16.6
442.00 16.4
443.00 16.5
444.00 16.0
445.00 16.4
446.00 16.3
447.00 16.0
448.00 16.5
449.00 17.0
450.00 16.6
451.00 16.7
452.00 16.9
453.00 16.6
454.00 16.7
455.00 17.0
456.00 17.0
457.00 16.5
458.00 16.9
459.00 16.8
460.00 15.3
461.00 16.8
462.00 16.7
463.00 16.7
464.00 16.3
465.00 16.5
466.00 16.1
467.00 16.2
468.00 15.6
469.00 15.9
470.00 15.8
471.00 16.0
472.00 15.7
473.00 16.0
474.00 16.8
475.00 16.9
476.00 16.9
477.00 16.9
478.00 16.9
479.00 16.9
480.00 16.1
481.00 16.3
482.00 16.3
483.00 16.1
484.00 15.9
485.00 16.2
486.00 16.2
487.00 16.2
488.00 15.7
489.00 16.3
490.00 16.7
491.00 17.0
492.00 16.9
493.00 16.9
494.00 17.1
495.00 16.7
496.00 16.6
497.00 17.0
498.00 16.6
499.00 16.8
500.00 16.8
500.05 21.2
