1.00 12.9
2.00 12.5
3.00 10.7
4.00 12.3
5.00 13.0
6.00 12.5
7.00 12.6
8.00 12.4
9.00 12.1
10.00 10.0
11.00 9.65
12.00 11.2
13.00 10.4
14.00 8.78
15.00 7.92
16.00 8.51
17.00 9.26
18.00 11.5
19.00 11.1
20.00 10.5
21.00 11.8
22.00 12.4
23.00 11.0
24.00 11.3
25.00 12.0
26.00 12.2
27.00 12.1
28.00 10.7
29.00 8.36
30.00 12.3
31.00 10.2
32.00 12.0
33.00 11.9
34.00 11.7
35.00 12.0
36.00 11.3
37.00 10.6
38.00 9.00
39.00 11.9
40.00 12.2
41.00 12.0
42.00 11.7
43.00 11.8
44.00 11.6
45.00 11.8
46.00 12.0
47.00 12.1
48.00 11.6
49.00 12.1
50.00 12.0
51.00 12.1
52.00 12.0
53.00 11.9
54.00 12.0
55.00 11.8
56.00 11.6
57.00 11.8
58.00 11.9
59.00 12.3
60.00 12.1
61.00 12.3
62.00 12.1
63.00 12.3
64.00 12.2
65.00 11.7
66.00 12.4
67.00 11.9
68.00 8.45
69.00 7.06
70.00 9.92
71.00 11.2
72.00 12.3
73.00 12.0
74.00 11.2
75.00 9.52
76.00 10.5
77.00 11.9
78.00 11.8
79.00 12.1
80.00 11.9
81.00 12.0
82.00 11.7
83.00 11.9
84.00 11.8
85.00 12.0
86.00 11.7
87.00 11.7
88.00 12.4
89.00 12.3
90.00 12.3
91.00 12.1
92.00 12.1
93.00 11.9
94.00 12.3
95.00 11.9
96.00 12.1
97.00 12.3
98.00 12.3
99.00 11.9
100.00 12.3
101.00 12.3
102.00 12.1
103.00 11.8
104.00 12.2
105.00 12.3
106.00 12.3
107.00 12.0
108.00 11.9
109.00 12.2
110.00 12.0
111.00 12.0
112.00 12.0
113.00 12.2
114.00 10.9
115.00 12.3
116.00 12.4
117.00 11.9
118.00 12.2
119.00 11.9
120.00 11.8
121.00 11.8
122.00 11.8
123.00 11.9
124.00 11.8
125.00 11.7
126.00 11.6
127.00 11.7
128.00 11.9
129.00 11.9
130.00 11.9
131.00 11.8
132.00 11.9
133.00 13.2
134.00 13.7
135.00 13.7
136.00 13.9
137.00 14.1
138.00 13.2
139.00 13.3
140.00 13.4
141.00 13.4
142.00 12.9
143.00 13.6
144.00 13.4
145.00 13.3
146.00 13.2
147.00 13.3
148.00 12.8
149.00 12.3
150.00 12.9
151.00 13.0
152.00 12.5
153.00 11.6
154.00 11.5
155.00 11.6
156.00 11.8
157.00 12.3
158.00 12.1
159.00 11.6
160.00 11.6
161.00 11.9
162.00 11.8
163.00 11.8
164.00 12.4
165.00 11.9
166.00 12.1
167.00 11.5
168.00 12.2
169.00 11.8
170.00 11.9
171.00 10.6
172.00 12.0
173.00 12.1
174.00 12.1
175.00 11.9
176.00 12.1
177.00 12.5
178.00 12.3
179.00 12.0
180.00 11.8
181.00 12.2
182.00 12.5
183.00 12.3
184.00 11.8
185.00 12.4
186.00 12.1
187.00 12.0
188.00 11.8
189.00 12.2
190.00 12.0
191.00 12.3
192.00 12.1
193.00 12.3
194.00 12.0
195.00 12.0
196.00 11.3
197.00 10.2
198.00 10.4
199.00 10.6
200.00 10.2
201.00 10.4
202.00 10.4
203.00 10.5
204.00 10.4
205.00 10.4
206.00 11.9
207.00 12.1
208.00 11.4
209.00 11.7
210.00 12.1
211.00 11.6
212.00 12.1
213.00 11.6
214.00 11.9
215.00 11.6
216.00 11.3
217.00 11.6
218.00 13.0
219.00 16.0
220.00 16.7
221.00 14.3
222.00 13.5
223.00 13.2
224.00 13.5
225.00 13.3
226.00 13.1
227.00 13.3
228.00 13.3
229.00 11.6
230.00 13.3
231.00 13.4
232.00 12.7
233.00 13.0
234.00 12.3
235.00 12.6
236.00 12.8
237.00 12.8
238.00 11.8
239.00 11.6
240.00 12.2
241.00 12.2
242.00 11.7
243.00 12.1
244.00 12.2
245.00 12.4
246.00 12.4
247.00 12.2
248.00 12.4
249.00 11.9
250.00 12.2
251.00 12.3
252.00 12.0
253.00 12.2
254.00 12.0
255.00 12.1
256.00 12.2
257.00 12.3
258.00 12.1
259.00 12.2
260.00 12.2
261.00 12.2
262.00 11.3
263.00 11.9
264.00 12.2
265.00 12.5
266.00 12.1
267.00 12.4
268.00 12.6
269.00 12.5
270.00 12.5
271.00 12.5
272.00 12.2
273.00 12.0
274.00 12.0
275.00 12.1
276.00 12.3
277.00 12.2
278.00 12.1
279.00 12.1
280.00 12.3
281.00 12.1
282.00 12.0
283.00 12.0
284.00 11.8
285.00 12.3
286.00 12.4
287.00 11.0
288.00 12.3
289.00 12.6
290.00 12.5
291.00 12.5
292.00 11.8
293.00 12.0
294.00 11.4
295.00 11.8
296.00 12.4
297.00 13.5
298.00 13.6
299.00 13.3
300.00 13.2
301.00 13.4
302.00 13.3
303.00 13.0
304.00 12.7
305.00 13.1
306.00 13.0
307.00 12.9
308.00 13.6
309.00 13.0
310.00 13.6
311.00 13.4
312.00 13.2
313.00 13.1
314.00 12.6
315.00 12.1
316.00 12.0
317.00 11.7
318.00 11.9
319.00 11.7
320.00 12.0
321.00 12.1
322.00 12.2
323.00 12.1
324.00 11.0
325.00 10.7
326.00 12.0
327.00 11.1
328.00 11.4
329.00 10.4
330.00 11.1
331.00 11.0
332.00 10.5
333.00 7.57
334.00 8.14
335.00 10.8
336.00 11.1
337.00 11.0
338.00 11.5
339.00 11.7
340.00 10.2
341.00 8.61
342.00 11.8
343.00 11.7
344.00 10.1
345.00 12.1
346.00 11.9
347.00 12.4
348.00 12.7
349.00 12.3
350.00 12.3
351.00 12.2
352.00 12.7
353.00 12.4
354.00 12.3
355.00 12.2
356.00 11.8
357.00 12.3
358.00 12.5
359.00 11.8
360.00 11.9
361.00 11.9
362.00 12.0
363.00 11.9
364.00 11.6
365.00 12.2
366.00 12.3
367.00 11.5
368.00 12.0
369.00 12.0
370.00 12.6
371.00 12.3
372.00 12.0
373.00 12.6
374.00 12.0
375.00 12.4
376.00 12.0
377.00 12.1
378.00 12.5
379.00 12.2
380.00 12.1
381.00 12.0
382.00 11.9
383.00 12.1
384.00 11.5
385.00 12.2
386.00 11.9
387.00 12.0
388.00 12.0
389.00 12.2
390.00 12.3
391.00 12.5
392.00 12.1
393.00 12.1
394.00 12.9
395.00 13.9
396.00 13.6
397.00 13.3
398.00 13.4
399.00 13.1
400.00 12.7
401.00 12.8
402.00 11.7
403.00 13.2
404.00 12.9
405.00 13.4
406.00 13.7
407.00 13.0
408.00 12.5
409.00 13.3
410.00 13.0
411.00 12.6
412.00 12.9
413.00 13.2
414.00 12.4
415.00 11.6
416.00 11.8
417.00 12.1
418.00 12.1
419.00 11.9
420.00 12.0
421.00 11.9
422.00 11.6
423.00 11.9
424.00 12.0
425.00 12.2
426.00 12.3
427.00 11.8
428.00 11.9
429.00 11.7
430.00 11.8
431.00 12.1
432.00 12.0
433.00 11.9
434.00 12.5
435.00 12.4
436.00 12.1
437.00 11.7
438.00 12.0
439.00 11.4
440.00 11.6
441.00 11.7
442.00 12.0
443.00 12.2
444.00 12.5
445.00 12.5
446.00 11.6
447.00 12.3
448.00 12.5
449.00 12.0
450.00 11.9
451.00 12.4
452.00 12.2
453.00 12.3
454.00 12.4
455.00 12.6
456.00 12.9
457.00 14.0
458.00 13.4
459.00 13.6
460.00 11.1
461.00 13.4
462.00 13.2
463.00 13.7
464.00 13.2
465.00 13.3
466.00 13.0
467.00 12.8
468.00 13.3
469.00 12.5
470.00 13.1
471.00 13.3
472.00 12.9
473.00 12.8
474.00 12.8
475.00 13.0
476.00 12.5
477.00 11.4
478.00 11.7
479.00 12.0
480.00 12.3
481.00 11.5
482.00 12.2
483.00 12.3
484.00 12.2
485.00 12.3
486.00 12.1
487.00 11.8
488.00 12.0
489.00 12.1
490.00 12.0
491.00 12.2
492.00 11.8
493.00 12.2
494.00 12.0
495.00 12.1
496.00 12.0
497.00 12.0
498.00 11.9
499.00 12.4
500.00 12.0
500.02 6.32
