1.00 134
2.00 6933.33
3.01 8200
4.00 8200
5.00 8200
6.00 8200
7.00 8200
8.00 8200
9.00 8200
10.00 8200
11.00 8200
12.00 8200
13.00 8200
14.00 8200
15.00 8200
16.00 8200
17.00 8200
18.00 8200
19.00 8200
20.00 5740
21.00 5740
22.00 5740
23.00 5740
24.00 5740
25.00 5740
26.00 5740
27.00 5740
28.00 5740
29.00 5740
30.00 5740
31.00 4033.33
32.00 4113.33
33.00 2606.67
34.00 3073.33
35.00 3206.67
36.00 3313.33
37.00 3380
38.00 3400
39.01 3400
40.00 2466.67
41.00 2586.67
42.00 2680
43.00 2753.33
44.01 2780
45.00 2780
46.01 2780
47.00 2466.67
48.00 2033.33
49.00 2126.67
50.00 2200
51.00 2260
52.00 2306.67
53.02 2333.33
54.00 2353.33
55.00 2366.67
56.00 2373.33
57.00 2373.33
58.00 2373.33
59.00 2373.33
60.00 2380
61.00 2386.67
62.01 2393.33
63.00 2400
64.00 2413.33
65.01 1673.33
66.00 1673.33
67.00 1760
68.01 1113.33
69.00 900
70.00 940
71.01 946.667
72.01 973.333
73.00 1040
74.00 1053.33
75.00 1060
76.00 1060
77.01 1060
78.00 1060
79.00 1060
80.01 1073.33
81.00 1093.33
82.00 1120
83.00 1160
84.00 1206.67
85.00 1280
86.00 1373.33
87.00 1480
88.00 1613.33
89.00 1766.67
90.00 1946.67
91.00 2153.33
92.00 2400
93.00 2666.67
94.00 1346.67
95.00 1426.67
96.00 1493.33
97.00 1546.67
98.00 1586.67
99.00 1613.33
100.00 1626.67
101.00 1633.33
102.00 1640
103.00 1640
104.00 1640
105.00 1640
106.00 1646.67
107.00 1660
108.00 1673.33
109.00 1706.67
110.00 1746.67
111.00 1806.67
112.00 1880
113.00 1973.33
114.00 2086.67
115.00 2220
116.00 2386.67
117.00 2566.67
118.00 2786.67
119.00 3040
120.00 1513.33
121.00 1600
122.00 1666.67
123.00 1720
124.00 1753.33
125.00 1780
126.00 1800
127.00 1806.67
128.00 1806.67
129.00 1806.67
130.00 1806.67
131.00 1813.33
132.00 1820
133.00 1826.67
134.00 1846.67
135.00 1880
136.00 1920
137.00 1980
138.00 2046.67
139.00 2140
140.00 2246.67
141.00 2393.33
142.00 2546.67
143.00 2740
144.00 1833.33
145.00 1473.33
146.00 1546.67
147.00 1593.33
148.00 1633.33
149.00 1666.67
150.00 1680
151.00 1693.33
152.00 1700
153.00 1700
154.00 1700
155.00 1700
156.00 1700
157.00 1713.33
158.00 1726.67
159.00 1760
160.00 1800
161.00 1853.33
162.00 1920
163.00 2006.67
164.00 2113.33
165.00 2246.67
166.00 2400
167.00 2540
168.00 1853.33
169.00 2006.67
170.00 2146.67
171.00 2260
172.00 2360
173.00 2440
174.00 2500
175.00 2540
176.00 2573.33
177.00 2593.33
178.00 2413.33
179.00 1893.33
180.00 1980
181.00 2053.33
182.00 2113.33
183.00 2153.33
184.00 2180
185.00 2200
186.00 2213.33
187.00 2213.33
188.00 2220
189.00 2220
190.00 2220
191.00 2220
192.00 2233.33
193.00 1620
194.00 1760
195.00 1880
196.00 1973.33
197.00 2046.67
198.00 2113.33
199.00 2153.33
200.00 2186.67
201.00 2213.33
202.00 2220
203.00 2233.33
204.00 2233.33
205.00 2233.33
206.00 2233.33
207.00 2233.33
208.00 1653.33
209.00 1153.33
210.00 1220
211.00 1266.67
212.00 1300
213.00 1320
214.00 1333.33
215.00 1340
216.00 1346.67
217.00 1346.67
218.00 1346.67
219.00 1346.67
220.00 1353.33
221.00 1366.67
222.00 1393.33
223.00 1420
224.00 1466.67
225.00 1533.33
226.00 1613.33
227.00 1706.67
228.00 1826.67
229.00 1966.67
230.00 2133.33
231.00 2333.33
232.00 2560
233.00 2813.33
234.00 3073.33
235.00 1533.33
236.00 1633.33
237.00 1700
238.00 1753.33
239.00 1786.67
240.00 1820
241.00 1833.33
242.00 1840
243.00 1846.67
244.00 1846.67
245.00 1846.67
246.00 1846.67
247.00 1853.33
248.00 1866.67
249.00 1886.67
250.00 1913.33
251.00 1953.33
252.00 2006.67
253.00 2080
254.00 2173.33
255.00 2280
256.00 2413.33
257.00 2573.33
258.00 2760
259.00 1626.67
260.00 1486.67
261.00 1553.33
262.00 1606.67
263.00 1646.67
264.00 1673.33
265.00 1693.33
266.00 1700
267.00 1706.67
268.00 1706.67
269.00 1706.67
270.00 1706.67
271.00 1713.33
272.00 1726.67
273.00 1740
274.00 1766.67
275.00 1806.67
276.00 1860
277.00 1933.33
278.00 2026.67
279.00 2133.33
280.00 2266.67
281.00 2420
282.00 2606.67
283.00 2813.33
284.00 2433.33
285.00 1520
286.00 1600
287.00 1660
288.00 1706.67
289.00 1740
290.00 1766.67
291.00 1780
292.00 1786.67
293.00 1786.67
294.00 1786.67
295.00 1786.67
296.00 1793.33
297.00 1800
298.00 1813.33
299.00 1833.33
300.00 1866.67
301.00 1913.33
302.00 1973.33
303.00 2053.33
304.00 2146.67
305.00 2273.33
306.00 2413.33
307.00 2580
308.00 2773.33
309.00 2373.33
310.00 1493.33
311.00 1566.67
312.00 1633.33
313.00 1680
314.00 1713.33
315.00 1733.33
316.00 1753.33
317.00 1760
318.00 1760
319.00 1760
320.00 1760
321.00 1766.67
322.00 1773.33
323.00 1786.67
324.00 1806.67
325.00 1480
326.00 1393.33
327.00 1493.33
328.00 1593.33
329.00 1660
330.00 1720
331.00 1760
332.00 1793.33
333.00 1813.33
334.00 1826.67
335.00 1833.33
336.00 1833.33
337.00 1833.33
338.00 1833.33
339.00 1833.33
340.00 1846.67
341.00 1860
342.00 1886.67
343.00 1920
344.00 1973.33
345.00 2040
346.00 2126.67
347.00 2226.67
348.00 2360
349.00 2513.33
350.00 2693.33
351.00 1353.33
352.00 1440
353.00 1500
354.00 1553.33
355.00 1586.67
356.00 1613.33
357.00 1626.67
358.00 1633.33
359.00 1640
360.00 1640
361.00 1640
362.00 1640
363.00 1646.67
364.00 1660
365.00 1680
366.00 1713.33
367.00 1753.33
368.00 1813.33
369.00 1893.33
370.00 1980
371.00 2093.33
372.00 2233.33
373.00 2406.67
374.00 2586.67
375.00 2806.67
376.00 1693.33
377.00 1493.33
378.00 1566.67
379.00 1620
380.00 1660
381.00 1693.33
382.00 1713.33
383.00 1720
384.00 1726.67
385.00 1726.67
386.00 1726.67
387.00 1726.67
388.00 1733.33
389.00 1740
390.00 1760
391.00 1780
392.00 1826.67
393.00 1873.33
394.00 1946.67
395.00 2026.67
396.00 2140
397.00 2260
398.00 2406.67
399.00 2586.67
400.00 2220
401.00 2093.33
402.00 2246.67
403.00 2366.67
404.00 2473.33
405.00 2560
406.00 2626.67
407.00 2680
408.00 2713.33
409.00 2740
410.00 2753.33
411.00 2766.67
412.00 2766.67
413.00 2766.67
414.00 2766.67
415.00 2773.33
416.00 2773.33
417.00 2786.67
418.00 2806.67
419.00 2840
420.00 2880
421.00 2940
422.00 3006.67
423.00 3100
424.00 3206.67
425.00 1586.67
426.00 1680
427.00 1746.67
428.00 1806.67
429.00 1846.67
430.00 1873.33
431.00 1893.33
432.00 1906.67
433.00 1906.67
434.00 1913.33
435.00 1913.33
436.00 1913.33
437.00 1913.33
438.00 1926.67
439.00 1940
440.00 1966.67
441.00 2000
442.00 2060
443.00 2120
444.00 2213.33
445.00 2313.33
446.00 2440
447.00 2586.67
448.00 2766.67
449.00 2440
450.00 2220
451.00 2366.67
452.00 2506.67
453.00 2620
454.00 2713.33
455.00 2786.67
456.00 2840
457.00 2886.67
458.00 2913.33
459.00 2933.33
460.00 2946.67
461.00 2953.33
462.00 2953.33
463.00 2953.33
464.00 2953.33
465.00 2953.33
466.00 2966.67
467.00 2980
468.00 3006.67
469.00 3046.67
470.00 3093.33
471.00 3166.67
472.00 3246.67
473.00 1613.33
474.00 1700
475.00 1773.33
476.00 1833.33
477.00 1873.33
478.00 1906.67
479.00 1926.67
480.00 1933.33
481.00 1940
482.00 1940
483.00 1940
484.00 1940
485.00 1946.67
486.00 1953.33
487.00 1973.33
488.00 2000
489.00 2033.33
490.00 2080
491.00 2153.33
492.00 2233.33
493.00 2333.33
494.00 2466.67
495.00 2620
496.00 2800
497.00 3006.67
498.01 3140
499.00 116.667
500.00 1680
