1.00 2600
2.00 953.333
3.00 1013.33
4.00 1053.33
5.00 1086.67
6.00 1106.67
7.00 1113.33
8.00 1120
9.00 1120
10.00 1120
11.00 1120
12.00 1126.67
13.00 1133.33
14.00 1153.33
15.00 1180
16.00 1213.33
17.00 1266.67
18.00 1333.33
19.00 1420
20.00 1526.67
21.00 1653.33
22.00 1806.67
23.00 1980
24.00 1046.67
25.00 1120
26.00 1173.33
27.00 1213.33
28.00 1240
29.00 1253.33
30.00 1266.67
31.00 1273.33
32.00 1273.33
33.00 1273.33
34.00 1273.33
35.00 1280
36.00 1286.67
37.00 1306.67
38.00 1333.33
39.00 1373.33
40.00 1426.67
41.00 1500
42.00 1586.67
43.00 1700
44.00 1833.33
45.00 1986.67
46.00 2173.33
47.00 2180
48.00 1220
49.00 1286.67
50.00 1333.33
51.00 1366.67
52.00 1393.33
53.00 1406.67
54.00 1413.33
55.00 1420
56.00 1420
57.00 1420
58.00 1420
59.00 1426.67
60.00 1440
61.00 1460
62.00 1493.33
63.01 1513.33
64.00 540
65.00 582.667
66.00 612
67.00 630.667
68.00 641.333
69.00 646
70.00 646.667
71.00 646.667
72.00 647.333
73.00 652.667
74.00 662
75.00 678.667
76.00 512
77.00 572
78.00 617.333
79.00 650.667
80.00 671.333
81.00 666.667
82.01 673.333
83.00 496.667
84.00 534.667
85.00 560
86.00 576
87.00 583.333
88.00 587.333
89.00 587.333
90.00 587.333
91.00 589.333
92.00 596
93.00 608
94.00 628.667
95.00 658.667
96.00 686.667
97.00 746.667
98.00 820
99.00 913.333
100.00 498
101.00 530
102.00 551.333
103.00 564
104.00 569.333
105.00 571.333
106.00 571.333
107.00 571.333
108.00 575.333
109.00 583.333
110.00 598.667
111.00 623.333
112.00 658.667
113.00 693.333
114.00 760
115.00 840
116.00 670
117.00 726.667
118.00 786.667
119.00 826.667
120.00 853.333
121.00 628.667
122.00 676.667
123.00 693.333
124.00 720
125.00 733.333
126.00 740
127.00 740
128.00 740
129.00 740
130.00 740
131.00 753.333
132.00 760
133.00 539.333
134.00 423.333
135.00 448.667
136.00 464
137.00 472
138.00 475.333
139.00 475.333
140.00 475.333
141.00 477.333
142.00 483.333
143.00 496
144.00 517.333
145.00 389.333
146.00 442
147.00 480.667
148.00 508
149.00 524
150.00 422.667
151.00 284.667
152.00 302.667
153.00 312
154.00 316
155.00 316.667
156.00 323.333
157.00 334
158.00 344
159.00 353.333
160.00 364
161.00 382
162.00 423.333
163.00 480
164.00 553.333
165.00 646.667
166.00 740
167.00 605.333
168.00 674
169.00 713.333
170.00 548
171.00 580
172.00 599.333
173.00 612.667
174.00 617.333
175.00 619.333
176.00 619.333
177.00 619.333
178.00 623.333
179.00 632.667
180.00 648.667
181.00 470.667
182.00 534.667
183.00 583.333
184.00 619.333
185.00 644
186.00 658.667
187.00 666.667
188.00 669.333
189.00 669.333
190.00 669.333
191.00 671.333
192.00 678.667
193.00 673.333
194.00 693.333
195.00 726.667
196.00 773.333
197.00 833.333
198.00 650.667
199.00 713.333
200.00 773.333
201.00 820
202.00 853.333
203.00 873.333
204.00 886.667
205.00 893.333
206.00 893.333
207.00 893.333
208.00 893.333
209.00 900
210.00 906.667
211.00 920
212.00 487.333
213.00 520.667
214.00 542
215.00 554
216.00 560.667
217.00 562.667
218.00 562.667
219.00 562.667
220.00 566.667
221.00 575.333
222.00 589.333
223.00 614
224.00 649.333
225.00 680
226.00 746.667
227.00 826.667
228.00 664
229.00 720
230.00 773.333
231.00 806.667
232.00 840
233.00 853.333
234.00 866.667
235.00 866.667
236.00 866.667
237.00 866.667
238.00 866.667
239.00 873.333
240.00 886.667
241.00 637.333
242.00 706.667
243.00 773.333
244.00 820
245.00 853.333
246.00 880
247.00 893.333
248.00 900
249.00 900
250.00 900
251.00 900
252.00 906.667
253.00 913.333
254.00 483.333
255.00 515.333
256.00 536.667
257.00 548.667
258.00 553.333
259.00 555.333
260.00 555.333
261.00 555.333
262.00 559.333
263.00 568.667
264.00 583.333
265.00 608.667
266.00 646
267.00 680
268.00 746.667
269.00 833.333
270.00 933.333
271.00 1060
272.00 1006.67
273.00 644.667
274.00 681.333
275.00 693.333
276.00 706.667
277.00 713.333
278.00 720
279.00 720
280.00 720
281.00 720
282.00 726.667
283.00 740
284.00 760
285.00 786.667
286.00 833.333
287.00 893.333
288.00 477.333
289.00 514
290.00 538
291.00 554
292.00 562
293.00 564.667
294.00 564.667
295.00 564.667
296.00 566.667
297.00 573.333
298.00 586.667
299.00 608
300.00 639.333
301.00 666.667
302.00 726.667
303.00 806.667
304.00 900
305.00 686.667
306.00 541.333
307.00 571.333
308.00 591.333
309.00 602.667
310.00 608
311.00 608.667
312.00 608.667
313.00 610
314.00 614
315.00 623.333
316.00 639.333
317.00 665.333
318.00 686.667
319.00 740
320.00 806.667
321.00 434.667
322.00 472
323.00 498
324.00 514.667
325.00 523.333
326.00 526.667
327.00 526.667
328.00 526.667
329.00 528.667
330.00 534.667
331.00 546.667
332.00 566.667
333.00 596.667
334.00 641.333
335.00 686.667
336.00 760
337.00 853.333
338.00 666.667
339.00 746.667
340.00 813.333
341.00 866.667
342.00 900
343.00 926.667
344.00 940
345.00 946.667
346.00 953.333
347.00 953.333
348.00 720
349.00 793.333
350.00 846.667
351.00 886.667
352.00 920
353.00 933.333
354.00 946.667
355.00 953.333
356.00 953.333
357.00 953.333
358.00 953.333
359.00 960
360.00 966.667
361.00 986.667
362.00 760
363.00 833.333
364.00 886.667
365.00 926.667
366.00 953.333
367.00 680
368.00 726.667
369.00 766.667
370.00 793.333
371.00 806.667
372.00 820
373.00 820
374.00 820
375.00 820
376.01 657.333
377.00 647.333
378.00 693.333
379.00 740
380.00 780
381.00 800
382.00 813.333
383.01 820
384.00 826.667
385.00 826.667
386.00 826.667
387.00 826.667
388.00 833.333
389.00 846.667
390.00 866.667
391.00 900
392.00 700
393.00 766.667
394.00 813.333
395.00 853.333
396.00 873.333
397.00 893.333
398.00 900
399.00 900
400.00 900
401.00 900
402.00 900
403.00 906.667
404.00 920
405.00 680
406.00 753.333
407.00 580.667
408.00 625.333
409.00 471.333
410.00 248.667
411.00 268
412.00 279.333
413.00 284.667
414.00 285.333
415.00 285.333
416.00 286.667
417.00 290.667
418.00 300
419.00 162
420.00 172.667
421.00 177.333
422.00 188.667
423.00 200
424.00 210
425.00 221.333
426.00 232
427.00 242
428.00 252.667
429.00 276
430.00 330.667
431.00 400.667
432.00 490
433.00 600.667
434.00 424
435.00 380.667
436.00 402.667
437.00 416
438.00 422.667
439.00 424
440.00 424
441.00 424
442.00 428
443.00 435.333
444.00 450
445.00 474
446.00 509.333
447.00 558
448.00 433.333
449.00 489.333
450.00 530.667
451.00 560
452.00 578.667
453.00 590
454.00 594.667
455.00 596
456.00 596
457.00 596.667
458.00 601.333
459.00 610.667
460.00 628
461.00 655.333
462.00 680
463.00 364.667
464.00 394.667
465.00 414.667
466.00 425.333
467.00 430.667
468.00 432
469.00 432
470.00 432.667
471.00 441.333
472.00 451.333
473.00 462.667
474.00 489.333
475.00 528.667
476.00 581.333
477.00 651.333
478.00 720
479.00 580
480.00 635.333
481.00 676
482.00 686.667
483.00 706.667
484.00 720
485.00 528
486.00 567.333
487.00 594.667
488.00 612
489.00 622
490.00 450.667
491.00 484.667
492.00 507.333
493.00 521.333
494.00 528
495.00 530
496.00 530
497.00 530
498.00 532.667
499.00 540
500.00 554
