1.00 12.1
2.00 12.6
3.00 10.8
4.00 12.4
5.00 13.1
6.00 12.4
7.00 12.7
8.00 12.5
9.00 12.1
10.00 9.96
11.00 9.78
12.00 11.1
13.00 10.4
14.00 8.70
15.00 7.85
16.00 8.38
17.00 9.29
18.00 11.5
19.00 11.1
20.00 10.6
21.00 11.9
22.00 12.4
23.00 11.1
24.00 11.2
25.00 11.9
26.00 12.3
27.00 12.2
28.00 10.7
29.00 8.42
30.00 12.3
31.00 10.2
32.00 12.0
33.00 11.8
34.00 11.5
35.00 12.3
36.00 11.4
37.00 10.8
38.00 9.09
39.00 11.9
40.00 12.2
41.00 12.0
42.00 11.5
43.00 11.9
44.00 11.8
45.00 11.9
46.00 12.1
47.00 12.1
48.00 11.7
49.00 12.0
50.00 12.0
51.00 12.0
52.00 12.2
53.00 12.0
54.00 12.0
55.00 11.7
56.00 11.7
57.00 11.8
58.00 12.0
59.00 12.3
60.00 12.1
61.00 12.4
62.00 12.1
63.00 12.4
64.00 12.3
65.00 11.8
66.00 12.2
67.00 11.9
68.00 8.46
69.00 7.19
70.00 10.1
71.00 11.2
72.00 12.4
73.00 12.1
74.00 11.3
75.00 9.66
76.00 10.6
77.00 11.8
78.00 12.0
79.00 12.2
80.00 12.1
81.00 11.9
82.00 11.7
83.00 12.0
84.00 11.8
85.00 12.0
86.00 11.7
87.00 11.9
88.00 12.4
89.00 12.3
90.00 12.3
91.00 12.1
92.00 12.1
93.00 11.9
94.00 12.2
95.00 12.2
96.00 12.1
97.00 12.4
98.00 12.3
99.00 11.8
100.00 12.3
101.00 12.4
102.00 12.0
103.00 11.8
104.00 12.3
105.00 12.3
106.00 12.3
107.00 12.1
108.00 12.0
109.00 12.4
110.00 12.0
111.00 11.9
112.00 11.9
113.00 12.3
114.00 10.9
115.00 12.3
116.00 12.3
117.00 11.9
118.00 12.2
119.00 11.8
120.00 12.0
121.00 11.8
122.00 11.9
123.00 12.0
124.00 11.9
125.00 11.8
126.00 11.4
127.00 11.5
128.00 11.5
129.00 12.1
130.00 12.0
131.00 12.0
132.00 12.3
133.00 13.3
134.00 13.7
135.00 13.7
136.00 13.3
137.00 14.3
138.00 13.5
139.00 13.7
140.00 13.3
141.00 13.5
142.00 12.9
143.00 13.3
144.00 13.2
145.00 13.4
146.00 13.6
147.00 13.3
148.00 12.9
149.00 12.4
150.00 12.8
151.00 12.5
152.00 12.6
153.00 11.9
154.00 11.9
155.00 11.7
156.00 11.9
157.00 12.3
158.00 12.1
159.00 11.6
160.00 11.5
161.00 12.1
162.00 12.1
163.00 11.9
164.00 12.3
165.00 12.0
166.00 12.1
167.00 11.5
168.00 11.9
169.00 11.9
170.00 12.1
171.00 10.9
172.00 12.1
173.00 12.0
174.00 12.1
175.00 11.9
176.00 12.0
177.00 12.4
178.00 12.6
179.00 12.3
180.00 12.1
181.00 12.2
182.00 12.4
183.00 12.4
184.00 11.8
185.00 12.2
186.00 12.5
187.00 12.5
188.00 12.1
189.00 12.1
190.00 12.1
191.00 12.3
192.00 12.0
193.00 12.0
194.00 12.1
195.00 12.2
196.00 11.9
197.00 13.6
198.00 13.0
199.00 14.2
200.00 13.5
201.00 13.6
202.00 14.0
203.00 13.9
204.00 13.7
205.00 12.9
206.00 11.6
207.00 12.1
208.00 11.7
209.00 11.9
210.00 12.0
211.00 11.7
212.00 12.0
213.01 11.9
214.00 11.8
215.00 11.7
216.01 11.7
217.00 12.2
218.00 13.1
219.00 12.6
220.00 11.9
221.00 12.8
222.00 13.7
223.00 13.2
224.00 13.2
225.00 13.6
226.00 13.6
227.00 13.3
228.00 13.3
229.00 11.7
230.00 13.4
231.00 13.3
232.00 12.4
233.00 13.2
234.00 12.7
235.00 12.7
236.00 12.6
237.00 12.8
238.00 11.9
239.00 11.6
240.00 11.9
241.00 12.4
242.00 12.0
243.00 12.3
244.00 12.2
245.00 12.5
246.00 12.3
247.00 12.2
248.00 12.0
249.00 11.8
250.00 12.5
251.00 12.5
252.00 12.0
253.00 12.1
254.00 12.1
255.00 12.1
256.00 12.1
257.00 12.2
258.00 12.5
259.00 12.6
260.00 12.2
261.00 12.1
262.00 12.2
263.00 12.0
264.00 12.1
265.00 12.4
266.00 12.4
267.00 12.7
268.00 12.6
269.00 12.4
270.00 12.6
271.00 12.6
272.00 12.1
273.00 11.8
274.00 12.1
275.00 12.6
276.00 12.3
277.00 12.2
278.00 12.2
279.00 11.3
280.00 12.2
281.00 11.9
282.00 12.0
283.00 12.3
284.00 12.1
285.00 12.4
286.00 12.3
287.00 11.0
288.00 12.5
289.00 12.4
290.00 12.4
291.00 12.7
292.00 12.1
293.00 12.0
294.00 11.4
295.00 11.9
296.00 12.5
297.00 13.4
298.00 13.3
299.00 13.5
300.00 13.5
301.00 13.4
302.00 13.3
303.00 13.1
304.00 12.7
305.00 12.9
306.00 13.0
307.00 13.2
308.00 13.8
309.00 12.9
310.00 13.5
311.00 13.6
312.00 13.1
313.00 12.9
314.00 12.7
315.00 12.3
316.00 12.2
317.00 11.6
318.00 11.8
319.00 11.8
320.00 12.0
321.00 11.9
322.00 12.3
323.00 12.5
324.00 11.5
325.00 10.7
326.00 11.9
327.00 11.2
328.00 11.5
329.00 10.3
330.00 11.0
331.00 11.1
332.00 10.7
333.00 10.7
334.00 10.3
335.00 10.9
336.00 11.0
337.00 11.1
338.00 11.5
339.00 11.7
340.00 10.1
341.00 8.51
342.00 12.0
343.00 12.0
344.00 10.0
345.00 12.1
346.00 11.8
347.00 12.5
348.00 12.5
349.00 12.1
350.00 12.3
351.00 12.6
352.00 12.8
353.00 12.4
354.00 12.4
355.00 12.3
356.00 11.8
357.00 12.1
358.00 12.5
359.00 12.3
360.00 12.1
361.00 11.4
362.00 12.1
363.00 12.0
364.00 11.6
365.00 12.1
366.00 12.2
367.00 11.8
368.00 12.3
369.00 12.0
370.00 12.5
371.00 12.5
372.00 12.1
373.00 12.5
374.00 11.6
375.00 12.5
376.00 12.4
377.00 11.9
378.00 12.5
379.00 12.2
380.00 12.1
381.00 11.9
382.00 11.7
383.00 12.1
384.00 12.1
385.00 12.4
386.00 11.8
387.00 12.0
388.00 12.2
389.00 12.2
390.00 12.0
391.00 12.3
392.00 12.4
393.00 12.5
394.00 12.8
395.00 13.8
396.00 13.6
397.00 13.3
398.00 13.2
399.00 13.0
400.00 13.1
401.00 12.9
402.00 11.5
403.00 13.1
404.00 13.0
405.00 13.3
406.00 13.5
407.00 13.1
408.00 12.8
409.00 13.3
410.00 12.9
411.00 12.7
412.00 13.1
413.00 13.1
414.00 12.1
415.00 11.8
416.00 12.4
417.00 12.1
418.00 12.1
419.00 12.0
420.00 12.1
421.00 11.8
422.00 11.5
423.00 11.9
424.00 12.3
425.00 12.4
426.00 12.3
427.00 11.4
428.00 12.0
429.00 11.7
430.00 11.7
431.00 11.8
432.00 12.2
433.00 12.3
434.00 12.4
435.00 12.3
436.00 12.2
437.00 11.8
438.00 12.0
439.00 11.3
440.00 11.7
441.00 11.9
442.00 12.2
443.00 12.2
444.00 12.5
445.00 12.6
446.00 12.4
447.00 12.1
448.00 12.4
449.00 12.3
450.00 12.2
451.00 12.3
452.00 12.2
453.00 12.4
454.00 12.5
455.00 12.4
456.00 12.7
457.00 14.3
458.00 13.6
459.00 13.4
460.00 11.2
461.00 13.3
462.00 13.2
463.00 13.3
464.00 13.3
465.00 13.7
466.00 13.1
467.00 12.6
468.00 13.4
469.00 12.5
470.00 13.2
471.00 13.0
472.00 13.1
473.00 13.1
474.00 12.7
475.00 13.0
476.00 12.6
477.00 11.4
478.00 11.6
479.00 11.7
480.00 12.5
481.00 11.8
482.00 12.3
483.00 12.2
484.00 12.2
485.00 12.4
486.00 12.1
487.00 11.6
488.00 12.0
489.00 12.4
490.00 12.3
491.00 12.4
492.00 11.8
493.00 12.3
494.00 12.0
495.00 12.0
496.00 11.8
497.00 12.3
498.00 12.3
499.00 12.4
500.00 12.0
500.02 11.5
