63.03 9.4
64 37.7333
65 260
66 2033.33
67 4413.33
68 4800
69 5286.67
70 5553.33
71 5553.33
72 5553.33
73 5553.33
74 5553.33
75 5553.33
76 5553.33
77 5553.33
78 5553.33
79 5553.33
80 5553.33
81 5553.33
82 5553.33
83 5553.33
84 5553.33
85 5553.33
86 5553.33
87 5553.33
88 5553.33
89 5553.33
90 5553.33
91 5553.33
92 5553.33
93 5553.33
94 5553.33
95 5553.33
96 5553.33
97 5553.33
98 5553.33
99 5553.33
100 5553.33
101 5553.33
102 5553.33
103 5553.33
104 5553.33
105 5553.33
106 5553.33
107 5553.33
108 5553.33
109 5553.33
110 5553.33
111 5553.33
112 5553.33
113 5553.33
114 5553.33
115 5553.33
116 5553.33
117 5553.33
118 5553.33
119 5553.33
120 5553.33
121 5553.33
122 5553.33
123 5553.33
124 5553.33
125 5553.33
126 5553.33
127 5553.33
128 5553.33
129 5553.33
130 5553.33
131 5553.33
132 5553.33
133 5553.33
134 5553.33
135 5553.33
136 5553.33
137 5553.33
138 5553.33
139 5553.33
140 5553.33
141 5553.33
142 5553.33
143 5553.33
144 5553.33
145 5553.33
146 5553.33
147 5553.33
148 5553.33
149 5553.33
150 5553.33
151 5553.33
152 5553.33
153 5553.33
154 5553.33
155 5553.33
156 5553.33
157 5553.33
158 5553.33
159 5553.33
160 5553.33
161 5553.33
162 5553.33
163 5553.33
164 5553.33
165 5553.33
166 5553.33
167 5553.33
168 5553.33
169 5553.33
170 5553.33
171 5553.33
172 5553.33
173 5553.33
174 5553.33
175 5553.33
176 5553.33
177 5553.33
178 5553.33
179 5553.33
180 5553.33
181 5553.33
182 5553.33
183 5553.33
184 5553.33
185 5553.33
186 5553.33
187 5553.33
188 5553.33
189 5553.33
190 5553.33
191 5553.33
192 5553.33
193 5553.33
194 5553.33
195 5553.33
196 3886.67
197 4126.67
198 4340
199 4540
200 4353.33
201 3233.33
202 3366.67
203 3480
204 3593.33
205 3686.67
206 3726.67
207 2466.67
208 1880
209 1986.67
210 2060
211 2120
212 2160
213 2193.33
214 2213.33
215 2233.33
216 2240
217 2240
218 2240
219 2240
220 2240
221 2253.33
222 2266.67
223 2286.67
224 2320
225.01 2346.67
226 1553.33
227 1693.33
228 1860
229 1986.67
230 2093.33
231 2180
232 2253.33
233 2306.67
234 2340
235 2366.67
236 2386.67
237 2393.33
238 2400
239 2400
240 2400
241 2400
242 2406.67
243 2413.33
244 2433.33
245 2466.67
246 2506.67
247 2560
248 2633.33
249 2720
250 2840
251 2973.33
252 3126.67
253 3326.67
254 3533.33
255 3773.33
256 4053.33
257 4366.67
258 4726.67
259 5093.33
260 5340
261 5340
262 5340
263 5340
264 5340
265 5340
266 5340
267 5340
268 5340
269 5340
270 5340
271 5340
272 5340
273 5340
274 5340
275 5340
276 5340
277 5340
278 5340
279 5340
280 5340
281 5340
282 5340
283 5340
284 5340
285 5340
286 5340
287 5340
288 5340
289 5340
290 5340
291 5340
292 5340
293 5340
294 5340
295 5340
296 5340
297 5340
298 5340
299 5340
300 5340
301 5340
302 5340
303 5340
304 5340
305 5340
306 5340
307 5340
308 5340
309 5340
310 5340
311 5340
312 5340
313 5340
314 5340
315 5340
316 5340
317 5340
318 5340
319 5340
320 5340
321 5340
322 5340
323 5340
324 5340
325 5340
326 5340
327 5340
328 5340
329 5340
330 5340
331 5340
332 5340
333 5340
334 5340
335 5340
336 5340
337 5340
338 5340
339 5340
340 5340
341 5340
342 5340
343 5340
344 5340
345 5340
346 5340
347 5340
348 5340
349 5340
350 5340
351 5340
352 5340
353 5340
354 5340
355 5340
356 5340
357 5340
358 5340
359 5340
360 5340
361 5340
362 5340
363 5340
364 5340
365 5340
366 5340
367 5340
368 5340
369 5340
370 5340
371 5340
372 5340
373 5340
374 5340
375 5340
376 5340
377 5340
378 5340
379 5340
380 5340
381 5340
382 5340
383 5340
384 5340
385 5340
386 5340
387 5340
388 5340
389 5340
390 5340
391 5340
392 5340
393 5340
394 5340
395 5340
396 5340
397 5340
398 5340
399 5340
400 5340
401 5340
402 5340
403 5340
404 5340
405 5340
406 5340
407 5340
408 5340
409 5340
410 5340
411 5340
412 5340
413 5340
414 5340
415 5340
416 5340
417 5340
418 5340
419 5340
420 5340
421 5340
422 5340
423 5340
424 5340
425 5340
426 5340
427 5340
428 5340
429 5340
430 5340
431 5340
432 5340
433 5340
434 1413.33
435 3340
436 2740
437 2873.33
438 2966.67
439 3060
440 3126.67
441 3173.33
442 3206.67
443 3233.33
444 3253.33
445 3260
446 3266.67
447 3266.67
448 3266.67
449 3266.67
450 3273.33
451 3286.67
452 3306.67
453 3333.33
454 3380
455 3433.33
456 3506.67
457 3600
458 3713.33
459 3846.67
460 4006.67
461 4200
462 4420
463 4680
464 4960
465 5273.33
466 5513.33
467 5660
468 5660
469 5660
470 5660
471 5660
472 5660
473 5660
474 5660
475 5660
476 5660
477 5660
478 5660
479 5660
480 5660
481 5660
482 5660
483 5660
484 5660
485 5660
486 5660
487 5660
488 5660
489 5660
490 5660
491 5660
492 5660
493 5660
494 5660
495 5660
496 5660
497 5660
498 5660
499.01 5660
500.01 5660
