1.00 13.5
2.00 14.2
3.00 15.6
4.00 14.8
5.00 15.9
6.00 15.8
7.00 15.4
8.00 15.3
9.00 15.1
10.00 14.2
11.00 15.3
12.00 14.6
13.00 15.6
14.00 14.5
15.00 16.0
16.00 16.5
17.00 13.6
18.00 12.6
19.00 13.6
20.00 12.5
21.00 12.8
22.00 13.0
23.00 13.2
24.00 13.6
25.00 13.7
26.00 12.7
27.00 12.7
28.00 12.3
29.00 13.6
30.00 13.0
31.00 13.1
32.00 12.8
33.00 12.3
34.00 12.4
35.00 12.9
36.00 13.9
37.00 14.0
38.00 13.6
39.00 14.0
40.00 14.1
41.00 12.8
42.00 13.4
43.00 13.9
44.00 13.2
45.00 14.0
46.00 13.8
47.00 12.8
48.00 13.7
49.00 14.1
50.00 14.4
51.00 14.5
52.00 14.2
53.00 14.1
54.00 13.8
55.00 14.0
56.00 14.0
57.00 14.0
58.00 14.1
59.00 14.1
60.00 14.0
61.00 14.0
62.00 14.2
63.00 14.2
64.00 14.0
65.00 13.5
66.00 14.1
67.00 14.1
68.00 12.7
69.00 13.6
70.00 14.1
71.00 14.0
72.00 14.1
73.00 14.0
74.00 14.3
75.00 14.3
76.00 14.5
77.00 14.4
78.00 14.4
79.00 14.5
80.00 14.2
81.00 14.0
82.00 13.7
83.00 15.9
84.00 15.2
85.00 15.7
86.00 16.1
87.00 16.6
88.00 16.7
89.00 16.8
90.00 16.9
91.00 16.8
92.00 16.8
93.00 16.8
94.00 17.1
95.00 16.8
96.00 16.7
97.00 16.9
98.00 16.9
99.00 17.0
100.00 17.1
101.00 16.9
102.00 16.8
103.00 17.0
104.00 17.2
105.00 17.4
106.00 17.2
107.00 17.4
108.00 17.3
109.00 17.2
110.00 17.2
111.00 17.5
112.00 17.4
113.00 17.2
114.00 16.9
115.00 16.9
116.00 16.7
117.00 17.2
118.00 17.1
119.00 17.1
120.00 17.0
121.00 17.0
122.00 17.0
123.00 17.3
124.00 17.4
125.00 17.4
126.00 17.1
127.00 17.2
128.00 17.0
129.00 16.5
130.00 17.2
131.00 17.3
132.00 17.0
133.00 17.1
134.00 16.6
135.00 17.0
136.00 17.0
137.00 16.8
138.00 16.9
139.00 16.2
140.00 15.9
141.00 16.6
142.00 17.1
143.00 17.1
144.00 16.8
145.00 16.4
146.00 16.8
147.00 16.9
148.00 17.0
149.00 17.2
150.00 17.0
151.00 17.0
152.00 17.1
153.00 17.1
154.00 17.1
155.00 17.1
156.00 16.8
157.00 17.0
158.00 17.0
159.00 17.5
160.00 17.4
161.00 17.2
162.00 17.1
163.00 16.9
164.00 17.0
165.00 17.2
166.00 17.2
167.00 17.0
168.00 16.7
169.00 17.0
170.00 17.1
171.00 17.1
172.00 17.1
173.00 17.3
174.00 17.2
175.00 17.0
176.00 17.1
177.00 17.1
178.00 17.0
179.00 16.8
180.00 16.9
181.00 17.0
182.00 17.0
183.00 17.1
184.00 16.9
185.00 17.2
186.00 17.2
187.00 17.0
188.00 17.1
189.00 16.8
190.00 17.0
191.00 17.0
192.00 17.0
193.00 17.0
194.00 17.1
195.00 17.1
196.00 17.1
197.00 17.2
198.00 17.2
199.00 17.0
200.00 17.5
201.00 17.5
202.00 17.3
203.00 17.2
204.00 17.2
205.00 17.1
206.00 17.4
207.00 17.3
208.00 17.3
209.00 17.1
210.00 17.2
211.00 17.0
212.00 17.2
213.00 17.1
214.00 16.9
215.00 17.0
216.00 16.9
217.00 17.1
218.00 17.3
219.00 17.1
220.00 16.8
221.00 17.0
222.00 17.0
223.00 17.1
224.00 17.1
225.00 17.0
226.00 17.2
227.00 17.2
228.00 17.2
229.00 17.4
230.00 17.1
231.00 17.3
232.00 17.2
233.00 17.2
234.00 16.8
235.00 16.0
236.00 16.0
237.00 16.9
238.00 17.0
239.00 16.8
240.00 16.8
241.00 16.9
242.00 16.9
243.00 17.1
244.00 17.0
245.00 17.0
246.00 17.0
247.00 17.2
248.00 17.0
249.00 17.4
250.00 17.3
251.00 17.0
252.00 17.2
253.00 17.4
254.00 17.4
255.00 17.3
256.00 17.1
257.00 16.9
258.00 17.0
259.00 17.2
260.00 17.1
261.00 16.9
262.00 16.9
263.00 17.0
264.00 17.0
265.00 17.2
266.00 17.1
267.00 17.0
268.00 17.0
269.00 17.0
270.00 17.0
271.00 17.3
272.00 17.0
273.00 17.2
274.00 16.9
275.00 17.1
276.00 17.1
277.00 17.3
278.00 17.4
279.00 17.3
280.00 17.2
281.00 17.2
282.00 17.1
283.00 17.4
284.00 17.3
285.00 17.1
286.00 16.8
287.00 17.0
288.00 17.0
289.00 16.9
290.00 17.0
291.00 16.9
292.00 16.5
293.00 16.8
294.00 17.0
295.00 16.9
296.00 17.2
297.00 17.2
298.00 16.8
299.00 17.0
300.00 17.0
301.00 17.1
302.00 17.0
303.00 16.6
304.00 16.8
305.00 16.5
306.00 17.0
307.00 17.2
308.00 17.3
309.00 17.2
310.00 16.9
311.00 16.9
312.00 17.1
313.00 17.0
314.00 16.8
315.00 17.0
316.00 17.0
317.00 17.0
318.00 17.1
319.00 17.1
320.00 17.2
321.00 17.2
322.00 17.2
323.00 17.2
324.00 17.0
325.00 17.4
326.00 17.0
327.00 15.9
328.00 17.1
329.00 15.9
330.00 16.7
331.00 17.3
332.00 17.3
333.00 17.2
334.00 16.6
335.00 16.8
336.00 17.0
337.00 17.1
338.00 17.0
339.00 16.8
340.00 16.9
341.00 17.0
342.00 17.2
343.00 17.0
344.00 16.9
345.00 16.7
346.00 16.9
347.00 16.6
348.00 16.4
349.00 16.5
350.00 16.8
351.00 16.6
352.00 16.0
353.00 16.9
354.00 17.5
355.00 17.0
356.00 16.9
357.00 16.8
358.00 16.7
359.00 17.1
360.00 17.4
361.00 17.2
362.00 17.0
363.00 16.3
364.00 15.9
365.00 15.5
366.00 16.0
367.00 16.1
368.00 16.9
369.00 16.9
370.00 17.0
371.00 17.1
372.00 17.4
373.00 17.4
374.00 17.4
375.00 17.2
376.00 17.1
377.00 17.3
378.00 17.5
379.00 17.4
380.00 17.4
381.00 17.1
382.00 17.2
383.00 17.3
384.00 17.1
385.00 17.1
386.00 16.7
387.00 17.0
388.00 17.0
389.00 17.0
390.00 17.2
391.00 17.1
392.00 17.0
393.00 17.0
394.00 17.2
395.00 17.3
396.00 16.9
397.00 17.4
398.00 17.3
399.00 17.4
400.00 17.3
401.00 17.4
402.00 17.5
403.00 17.4
404.00 17.3
405.00 17.2
406.00 17.0
407.00 17.0
408.00 17.1
409.00 17.1
410.00 17.0
411.00 17.0
412.00 17.1
413.00 17.2
414.00 17.1
415.00 16.9
416.00 16.9
417.00 16.8
418.00 17.1
419.00 17.3
420.00 17.3
421.00 17.3
422.00 17.2
423.00 17.1
424.00 17.2
425.00 17.4
426.00 17.2
427.00 16.9
428.00 16.9
429.00 16.8
430.00 16.9
431.00 17.1
432.00 17.1
433.00 17.0
434.00 16.8
435.00 17.0
436.00 17.1
437.00 17.1
438.00 16.9
439.00 16.9
440.00 17.0
441.00 17.0
442.00 17.1
443.00 17.4
444.00 17.4
445.00 17.3
446.00 17.0
447.00 17.3
448.00 17.0
449.00 17.3
450.00 17.2
451.00 16.9
452.00 16.8
453.00 16.9
454.00 16.9
455.00 17.0
456.00 16.6
457.00 17.0
458.00 16.8
459.00 16.8
460.00 17.2
461.00 17.3
462.00 17.4
463.00 17.2
464.00 17.2
465.00 17.2
466.00 17.4
467.00 17.5
468.00 17.4
469.00 17.0
470.00 17.3
471.00 17.3
472.00 17.4
473.00 17.4
474.00 17.1
475.00 17.0
476.00 17.0
477.00 17.1
478.00 17.2
479.00 16.8
480.00 17.0
481.00 16.8
482.00 16.9
483.00 17.0
484.00 16.9
485.00 17.0
486.00 17.0
487.00 16.7
488.00 16.8
489.00 16.7
490.00 17.0
491.00 17.0
492.00 17.1
493.00 17.1
494.00 17.2
495.00 17.4
496.00 17.3
497.00 17.1
498.00 17.1
499.00 17.0
500.00 16.7
