63 1780
64 733.333
65 753.333
66 833.333
67 953.333
68 546
69 566.667
70 621.333
71 713.333
72 840
73 500.667
74 521.333
75 565.333
76 665.333
77 773.333
78 466
79 486.667
80 532
81 641.333
82 760
83 926.667
84 260
85 284.667
86 372.667
87 519.333
88 680
89 853.333
90 236.667
91 268
92 362
93 499.333
94 662
95 380
96 401.333
97 471.333
98 585.333
99 700
100 400
101 419.333
102 480.667
103 583.333
104 700
105 406
106 428
107 499.333
108 628.667
109 766.667
110 459.333
111 480
112 523.333
113 622
114 733.333
115 218.667
116 239.333
117 287.333
118 401.333
119 551.333
120 343.333
121 364
122 410
123 512.667
124 642.667
125 380
126 400.667
127 448.667
128 550.667
129 681.333
130 806.667
131 441.333
132 471.333
133 570.667
134 686.667
135 846.667
136 239.333
137 264
138 350
139 484.667
140 641.333
141 820
142 1026.67
143 582.667
144 604
145 676
146 773.333
147 906.667
148 508
149 530
150 602.667
151 706.667
152 840
153 238.667
154 261.333
155 342
156 473.333
157 635.333
158 378.667
159 400
160 446.667
161 548
162 678
163 392
164 412.667
165 462.667
166 565.333
167 680
168 198.667
169 219.333
170 289.333
171 430
172 598
173 746.667
174 414
175 439.333
176 519.333
177 637.333
178 753.333
179 428.667
180 450.667
181 526
182 653.333
183 793.333
184 471.333
185 492
186 541.333
187 647.333
188 760
189 223.333
190 244
191 296
192 419.333
193 590
194 746.667
195 218
196 240.667
197 318
198 446
199 602.667
200 378.667
201 400
202 444.667
203 560.667
204 686.667
205 840
206 477.333
207 496.667
208 560
209 681.333
210 806.667
211 239.333
212 260
213 305.333
214 419.333
215 565.333
216 706.667
217 391.333
218 421.333
219 508
220 631.333
221 773.333
222 966.667
223 1073.33
224 318
225 352.667
226 454.667
227 606
228 746.667
229 428.667
230 451.333
231 520.667
232 634.667
233 760
234 446.667
235 245.333
236 285.333
237 389.333
238 526.667
239 674.667
240 374
241 396.667
242 468.667
243 580.667
244 700
245 886.667
246 1100
247 592
248 622
249 693.333
250 813.333
251 953.333
252 510
253 544.667
254 639.333
255 746.667
256 893.333
257 482.667
258 514.667
259 610.667
260 720
261 880
262 257.333
263 279.333
264 329.333
265 453.333
266 614
267 773.333
268 232.667
269 253.333
270 302.667
271 422.667
272 586.667
273 740
274 223.333
275 245.333
276 291.333
277 410
278 573.333
279 726.667
280 444
281 464
282 507.333
283 603.333
284 713.333
285 416
286 435.333
287 496
288 605.333
289 726.667
290 404.667
291 430
292 512
293 632.667
294 753.333
295 933.333
296 1153.33
297 623.333
298 653.333
299 733.333
300 860
301 477.333
302 501.333
303 590
304 693.333
305 421.333
306 436.667
307 464.667
308 254.667
309 278
310 351.333
311 472
312 612
313 172.667
314 192
315 252
316 364.667
317 570.667
318 760
319 966.667
320 569.333
321 590
322 644.667
323 740
324 873.333
325 1026.67
326 280
327 316
328 420.667
329 558
330 706.667
331 410
332 430
333 490
334 598.667
335 713.333
336 208.667
337 230
338 295.333
339 432
340 601.333
341 753.333
342 405.333
343 427.333
344 510.667
345 639.333
346 766.667
347 464
348 485.333
349 538
350 656
351 780
352 940
353 263.333
354 292
355 386.667
356 523.333
357 680
358 385.333
359 406
360 475.333
361 583.333
362 346.667
363 367.333
364 414
365 517.333
366 650.667
367 198
368 218
369 268.667
370 384
371 523.333
372 666.667
373 375.333
374 401.333
375 494
376 634.667
377 773.333
378 458
379 478.667
380 535.333
381 653.333
382 780
383 940
384 514
385 544
386 634.667
387 746.667
388 900
389 510.667
390 530.667
391 587.333
392 680
393 813.333
394 457.333
395 480
396 551.333
397 669.333
398 793.333
399 439.333
400 466
401 548
402 669.333
403 793.333
404 433.333
405 462.667
406 550.667
407 670
408 800
409 434.667
410 464.667
411 562.667
412 680
413 833.333
414 237.333
415 258
416 330
417 467.333
418 637.333
419 793.333
420 438.667
421 466
422 549.333
423 668.667
424 793.333
425 452.667
426 471.333
427 530
428 637.333
429 753.333
430 218.667
431 239.333
432 293.333
433 418.667
434 583.333
435 733.333
436 232
437 259.333
438 350
439 489.333
440 651.333
441 401.333
442 219.333
443 258
444 366
445 505.333
446 667.333
447 376
448 400.667
449 486.667
450 623.333
451 760
452 221.333
453 243.333
454 298.667
455 426
456 594.667
457 753.333
458 218
459 240.667
460 318.667
461 464.667
462 634.667
463 786.667
464 1006.67
465 586.667
466 606
467 666.667
468 760
469 886.667
470 250.667
471 266.667
472 152.667
473 172.667
474 213.333
475 326
476 494
477 662
478 382.667
479 403.333
480 462
481 565.333
482 680
483 393.333
484 406
485 216.667
486 238.667
487 308
488 424
489 571.333
490 166
491 188.667
492 273.333
493 426
494 588
495 733.333
496 208.667
497 236
498 327.333
499 459.333
500.01 523.333
