1.00 16.1
2.00 16.7
3.00 16.1
4.00 16.5
5.00 16.3
6.00 16.1
7.00 16.2
8.00 16.2
9.00 16.0
10.00 16.1
11.00 16.1
12.00 16.6
13.00 16.5
14.00 16.2
15.00 16.3
16.00 17.1
17.00 17.0
18.00 16.9
19.00 16.9
20.00 16.6
21.00 17.3
22.00 17.0
23.00 17.0
24.00 17.2
25.00 16.9
26.00 17.1
27.00 17.3
28.00 17.1
29.00 17.1
30.00 16.5
31.00 17.3
32.00 16.8
33.00 17.2
34.00 17.1
35.00 17.0
36.00 17.1
37.00 16.5
38.00 16.5
39.00 16.6
40.00 16.1
41.00 16.6
42.00 16.4
43.00 16.6
44.00 16.6
45.00 16.4
46.00 16.7
47.00 16.3
48.00 16.5
49.00 16.3
50.00 16.5
51.00 15.8
52.00 16.7
53.00 17.2
54.00 17.1
55.00 17.1
56.00 17.1
57.00 17.1
58.00 17.2
59.00 17.2
60.00 17.0
61.00 17.1
62.00 16.9
63.00 17.0
64.00 16.8
65.00 17.0
66.00 17.1
67.00 16.9
68.00 16.8
69.00 16.9
70.00 16.9
71.00 16.8
72.00 16.4
73.00 16.6
74.00 16.3
75.00 16.2
76.00 16.3
77.00 16.4
78.00 16.5
79.00 16.2
80.00 16.3
81.00 16.4
82.00 16.2
83.00 16.7
84.00 16.5
85.00 16.6
86.00 16.7
87.00 16.4
88.00 16.9
89.00 17.3
90.00 17.2
91.00 17.2
92.00 17.1
93.00 17.0
94.00 17.2
95.00 17.2
96.00 16.9
97.00 17.4
98.00 17.2
99.00 17.1
100.00 17.0
101.00 17.2
102.00 17.1
103.00 16.7
104.00 17.1
105.00 16.9
106.00 17.1
107.00 17.2
108.00 17.4
109.00 17.2
110.00 16.5
111.00 16.5
112.00 16.7
113.00 16.2
114.00 16.5
115.00 16.4
116.00 16.6
117.00 16.4
118.00 16.3
119.00 16.4
120.00 16.6
121.00 16.4
122.00 16.3
123.00 16.1
124.00 16.1
125.00 16.9
126.00 16.8
127.00 17.1
128.00 16.8
129.00 17.1
130.00 16.9
131.00 17.1
132.00 17.0
133.00 17.2
134.00 16.9
135.00 17.0
136.00 16.8
137.00 17.1
138.00 17.1
139.00 16.7
140.00 16.6
141.00 16.6
142.00 16.6
143.00 16.5
144.00 16.0
145.00 16.7
146.00 16.5
147.00 16.4
148.00 16.6
149.00 16.8
150.00 17.1
151.00 17.2
152.00 17.2
153.00 16.8
154.00 16.6
155.00 16.4
156.00 16.4
157.00 16.5
158.00 16.6
159.00 16.5
160.00 16.4
161.00 16.7
162.00 16.8
163.00 17.0
164.00 17.2
165.00 16.8
166.00 17.2
167.00 16.8
168.00 16.7
169.00 16.4
170.00 16.5
171.00 16.5
172.00 16.6
173.00 16.5
174.00 16.7
175.00 16.1
176.00 16.4
177.00 16.5
178.00 17.1
179.00 17.2
180.00 17.3
181.00 17.0
182.00 17.3
183.00 17.0
184.00 16.9
185.00 16.9
186.00 16.5
187.00 16.9
188.00 16.7
189.00 17.0
190.00 16.9
191.00 16.7
192.00 16.4
193.00 16.0
194.00 15.9
195.00 16.3
196.00 16.1
197.00 16.4
198.00 16.6
199.00 16.5
200.00 16.3
201.00 16.4
202.00 16.3
203.00 16.5
204.00 16.7
205.00 16.3
206.00 16.2
207.00 17.1
208.00 17.0
209.00 17.2
210.00 17.2
211.00 17.0
212.00 17.2
213.00 17.3
214.00 16.9
215.00 17.1
216.00 16.9
217.00 16.5
218.00 17.1
219.00 17.2
220.00 16.9
221.00 17.0
222.00 17.0
223.00 16.7
224.00 17.1
225.00 16.5
226.00 16.5
227.00 15.9
228.00 16.6
229.00 16.3
230.00 16.2
231.00 16.2
232.00 16.2
233.00 16.2
234.00 16.4
235.00 16.1
236.00 16.3
237.00 16.2
238.00 16.3
239.00 16.5
240.00 16.6
241.00 16.8
242.00 17.1
243.00 17.3
244.00 16.9
245.00 17.1
246.00 17.0
247.00 17.2
248.00 16.9
249.00 17.0
250.00 16.9
251.00 17.3
252.00 17.3
253.00 16.9
254.00 16.4
255.00 16.6
256.00 16.4
257.00 16.3
258.00 16.2
259.00 16.3
260.00 16.4
261.00 16.4
262.00 16.5
263.00 16.4
264.00 17.3
265.00 17.2
266.00 17.1
267.00 17.1
268.00 16.8
269.00 17.1
270.00 16.3
271.00 16.1
272.00 16.3
273.00 16.2
274.00 16.4
275.00 16.4
276.00 16.3
277.00 16.3
278.00 16.5
279.00 16.2
280.00 16.8
281.00 17.0
282.00 16.6
283.00 16.5
284.00 16.1
285.00 16.6
286.00 16.4
287.00 16.4
288.00 16.5
289.00 15.9
290.00 16.5
291.01 16.2
292.00 16.6
293.00 17.1
294.00 17.3
295.00 16.9
296.00 16.9
297.00 16.9
298.00 17.4
299.00 17.0
300.00 16.7
301.00 17.1
302.00 17.2
303.00 17.1
304.00 16.9
305.00 17.1
306.00 17.3
307.00 17.0
308.00 17.2
309.00 16.6
310.00 16.2
311.00 16.3
312.00 16.6
313.00 16.4
314.00 16.4
315.00 16.5
316.00 16.5
317.00 16.3
318.00 16.4
319.00 16.5
320.00 16.4
321.00 16.8
322.00 17.1
323.00 16.6
324.00 17.1
325.00 17.1
326.00 17.1
327.00 17.1
328.00 17.1
329.00 17.2
330.00 17.1
331.00 16.8
332.00 17.0
333.00 17.1
334.00 17.2
335.00 17.0
336.00 17.1
337.00 17.1
338.00 17.1
339.00 16.8
340.00 16.4
341.00 16.1
342.00 16.4
343.00 16.4
344.00 16.6
345.00 16.6
346.00 16.2
347.00 16.8
348.00 16.6
349.00 16.6
350.00 16.7
351.00 16.3
352.00 16.5
353.00 16.5
354.00 16.7
355.00 16.5
356.00 16.6
357.00 16.6
358.00 16.9
359.00 17.1
360.00 17.3
361.00 17.1
362.00 16.8
363.00 17.3
364.00 17.1
365.00 17.1
366.00 17.2
367.00 17.0
368.00 16.8
369.00 16.5
370.00 16.8
371.00 16.2
372.00 16.0
373.00 16.2
374.00 16.2
375.00 16.5
376.00 16.4
377.00 16.2
378.00 16.6
379.00 16.9
380.00 17.1
381.00 17.0
382.00 16.8
383.00 16.8
384.00 17.1
385.00 16.8
386.00 16.8
387.00 16.3
388.00 16.5
389.00 16.4
390.00 16.1
391.00 16.0
392.00 16.0
393.00 16.1
394.00 16.2
395.00 16.3
396.00 16.3
397.00 16.8
398.00 16.8
399.00 16.8
400.00 17.0
401.00 16.6
402.00 16.2
403.00 16.0
404.00 16.5
405.00 16.2
406.00 16.4
407.00 16.2
408.00 16.2
409.00 16.3
410.00 16.3
411.00 16.2
412.00 17.0
413.00 16.8
414.00 16.9
415.00 16.8
416.00 17.1
417.00 16.8
418.00 17.0
419.00 16.9
420.00 17.0
421.00 17.0
422.00 16.8
423.00 16.6
424.00 16.1
425.00 16.4
426.00 16.4
427.00 16.3
428.00 16.3
429.00 16.0
430.00 16.4
431.00 16.2
432.00 16.3
433.00 16.2
434.00 16.7
435.00 16.6
436.00 16.4
437.00 16.3
438.00 16.5
439.00 16.4
440.00 16.2
441.00 16.6
442.00 16.4
443.00 16.4
444.00 16.2
445.00 16.5
446.00 16.7
447.00 16.9
448.00 17.3
449.00 17.2
450.00 17.1
451.00 17.0
452.00 17.1
453.00 16.9
454.00 17.2
455.00 16.9
456.00 17.2
457.00 16.9
458.00 14.8
459.00 17.1
460.00 17.0
461.00 16.5
462.00 16.3
463.00 16.5
464.00 16.4
465.00 16.1
466.00 16.3
467.00 16.6
468.00 16.4
469.00 16.3
470.00 16.5
471.00 16.6
472.00 16.2
473.00 16.4
474.00 16.5
475.00 15.9
476.00 16.8
477.00 16.4
478.00 16.4
479.00 16.4
480.00 16.4
481.00 16.7
482.00 17.1
483.00 17.0
484.00 16.8
485.00 17.2
486.00 16.4
487.00 16.8
488.00 16.5
489.00 16.6
490.00 16.8
491.00 16.7
492.00 16.9
493.00 16.9
494.00 16.5
495.00 16.6
496.00 16.5
497.00 16.8
498.00 16.2
499.00 16.7
500.00 16.4
