1.00 16.2
2.00 16.6
3.00 16.1
4.00 16.5
5.00 16.4
6.00 16.2
7.00 16.1
8.00 16.2
9.00 16.1
10.00 16.1
11.00 16.2
12.00 16.8
13.00 16.4
14.00 16.3
15.00 16.4
16.00 17.2
17.00 17.1
18.00 17.1
19.00 17.1
20.00 16.9
21.00 17.3
22.00 17.0
23.00 17.0
24.00 17.1
25.00 17.0
26.00 17.3
27.00 17.3
28.00 17.4
29.00 17.2
30.00 16.4
31.00 17.3
32.00 16.8
33.00 17.2
34.00 17.2
35.00 17.1
36.00 16.7
37.00 16.5
38.00 16.6
39.00 16.5
40.00 16.3
41.00 16.6
42.00 16.4
43.00 16.5
44.00 16.7
45.00 16.7
46.00 16.6
47.00 16.5
48.00 16.4
49.00 16.4
50.00 16.4
51.00 16.0
52.00 16.9
53.00 17.3
54.00 17.4
55.00 16.9
56.00 17.2
57.00 17.2
58.00 17.1
59.00 17.1
60.00 17.0
61.00 17.3
62.00 17.0
63.00 17.1
64.00 17.0
65.00 17.1
66.00 17.3
67.00 16.8
68.00 17.1
69.00 16.9
70.00 16.7
71.00 17.1
72.00 16.6
73.00 16.6
74.00 16.1
75.00 16.3
76.00 16.7
77.00 16.4
78.00 16.8
79.00 16.4
80.00 16.6
81.00 16.5
82.00 16.2
83.00 16.8
84.00 16.4
85.00 16.6
86.00 16.8
87.00 16.3
88.00 17.1
89.00 17.3
90.00 17.4
91.00 17.1
92.00 16.9
93.00 17.0
94.00 17.3
95.00 17.3
96.00 17.0
97.00 17.3
98.00 17.3
99.00 17.2
100.00 17.1
101.00 17.2
102.00 17.1
103.00 16.9
104.00 17.4
105.00 17.1
106.00 16.9
107.00 17.3
108.00 17.3
109.00 17.4
110.00 16.7
111.00 16.7
112.00 16.7
113.00 16.2
114.00 16.6
115.00 16.5
116.00 16.6
117.00 16.4
118.00 16.4
119.00 16.3
120.00 16.7
121.00 16.5
122.00 16.4
123.00 16.0
124.00 16.2
125.00 17.1
126.00 17.0
127.00 17.3
128.00 17.0
129.00 17.2
130.00 17.0
131.00 17.1
132.00 17.0
133.00 17.3
134.00 17.1
135.00 17.1
136.00 17.1
137.00 17.3
138.00 17.1
139.00 16.8
140.00 16.4
141.00 16.8
142.00 16.7
143.00 16.5
144.00 16.4
145.00 16.6
146.00 16.6
147.00 16.4
148.00 16.6
149.00 16.8
150.00 17.3
151.00 17.2
152.00 17.4
153.00 16.7
154.00 16.6
155.00 16.1
156.00 16.5
157.00 16.6
158.00 16.7
159.00 16.6
160.00 16.3
161.00 16.7
162.00 16.8
163.00 17.2
164.00 17.2
165.00 16.7
166.00 17.2
167.00 16.8
168.00 16.6
169.00 16.6
170.00 16.6
171.00 16.6
172.00 16.5
173.00 16.4
174.00 16.8
175.00 16.5
176.00 16.6
177.00 16.8
178.00 17.2
179.00 17.3
180.00 17.1
181.00 17.3
182.00 17.3
183.00 17.2
184.00 17.2
185.00 16.9
186.00 16.5
187.00 16.7
188.00 16.9
189.00 17.1
190.00 16.8
191.00 16.8
192.00 16.3
193.00 16.2
194.00 16.0
195.00 16.1
196.00 16.3
197.00 16.2
198.00 16.8
199.00 16.5
200.00 16.5
201.00 16.5
202.00 16.6
203.00 16.7
204.00 16.7
205.00 16.6
206.00 16.5
207.00 17.4
208.00 17.3
209.00 17.4
210.00 17.3
211.00 17.1
212.00 17.4
213.00 17.5
214.00 17.1
215.00 17.1
216.00 16.9
217.00 16.7
218.00 17.3
219.00 17.2
220.00 16.9
221.00 17.1
222.00 17.2
223.00 16.7
224.00 17.4
225.00 16.6
226.00 16.5
227.00 16.3
228.00 16.4
229.00 16.4
230.00 16.4
231.00 16.1
232.00 16.4
233.00 16.3
234.00 16.5
235.00 16.3
236.00 16.3
237.00 16.5
238.00 16.5
239.00 16.7
240.00 16.6
241.00 16.7
242.00 17.2
243.00 17.2
244.00 17.0
245.00 17.3
246.00 17.2
247.00 17.2
248.00 16.9
249.00 17.1
250.00 16.9
251.00 17.3
252.00 17.3
253.00 16.9
254.00 16.4
255.00 16.6
256.00 16.6
257.00 16.5
258.00 16.3
259.00 16.6
260.00 16.5
261.00 16.3
262.00 16.5
263.00 16.7
264.00 17.2
265.00 17.2
266.00 17.2
267.00 17.2
268.00 17.0
269.00 17.1
270.00 16.5
271.00 15.9
272.00 16.6
273.00 16.4
274.00 16.3
275.00 16.6
276.00 16.6
277.00 16.6
278.00 16.4
279.00 16.2
280.00 17.0
281.00 17.1
282.00 16.6
283.00 16.4
284.00 16.4
285.00 16.6
286.00 16.5
287.00 16.7
288.00 16.4
289.00 16.2
290.00 16.5
291.00 16.5
292.00 16.7
293.00 17.1
294.00 17.4
295.00 17.0
296.00 17.2
297.00 17.1
298.00 17.3
299.00 17.2
300.00 17.1
301.00 17.3
302.00 17.3
303.00 17.1
304.00 17.2
305.00 17.2
306.00 17.1
307.00 17.2
308.00 17.3
309.00 16.5
310.00 16.2
311.00 16.3
312.00 16.7
313.00 16.5
314.00 16.4
315.00 16.4
316.00 16.5
317.00 16.5
318.00 16.3
319.00 16.7
320.00 16.4
321.00 17.0
322.00 17.4
323.00 16.8
324.00 17.2
325.00 17.3
326.00 17.2
327.00 17.2
328.00 17.2
329.00 17.0
330.00 17.2
331.00 17.1
332.00 17.1
333.00 17.1
334.00 17.5
335.00 17.1
336.00 17.2
337.00 17.2
338.00 17.1
339.00 16.8
340.00 16.6
341.00 16.1
342.00 16.6
343.00 16.3
344.00 16.8
345.00 16.4
346.00 16.5
347.00 16.8
348.00 16.7
349.00 16.8
350.00 16.7
351.00 16.4
352.00 16.7
353.00 16.6
354.00 16.6
355.00 16.6
356.00 16.6
357.00 16.8
358.00 16.9
359.00 17.4
360.00 17.3
361.00 17.1
362.00 17.1
363.00 17.3
364.00 17.4
365.00 17.2
366.00 17.4
367.00 17.3
368.00 17.0
369.00 16.5
370.00 16.8
371.00 16.0
372.00 16.1
373.00 16.6
374.00 16.3
375.00 16.8
376.00 16.2
377.00 16.1
378.00 16.6
379.00 17.1
380.00 16.9
381.00 17.1
382.00 16.8
383.00 17.0
384.00 17.1
385.00 16.8
386.00 16.9
387.00 16.4
388.00 16.6
389.00 16.5
390.00 16.5
391.00 16.5
392.00 16.3
393.00 16.2
394.00 16.5
395.00 16.1
396.00 16.5
397.00 17.0
398.00 17.1
399.00 17.2
400.00 17.2
401.00 16.6
402.00 16.5
403.00 16.1
404.00 16.7
405.00 16.4
406.00 16.5
407.00 16.3
408.00 16.3
409.00 16.6
410.00 16.4
411.00 16.4
412.00 16.9
413.00 16.9
414.00 17.1
415.00 17.0
416.00 17.4
417.00 17.1
418.00 17.1
419.00 17.2
420.00 17.2
421.00 17.1
422.00 17.0
423.00 16.7
424.00 16.2
425.00 16.3
426.00 16.6
427.00 16.3
428.00 16.5
429.00 16.4
430.00 16.4
431.00 16.1
432.00 16.6
433.00 16.1
434.00 16.6
435.00 16.9
436.00 16.3
437.00 16.3
438.00 16.6
439.00 16.6
440.00 16.5
441.00 16.7
442.00 16.6
443.00 16.4
444.00 16.2
445.00 16.6
446.00 16.7
447.00 17.3
448.00 17.2
449.00 17.1
450.00 17.2
451.00 17.0
452.00 17.3
453.00 16.8
454.00 17.3
455.00 17.1
456.00 17.1
457.00 17.3
458.00 15.0
459.00 17.0
460.00 17.1
461.00 16.6
462.00 16.6
463.00 16.3
464.00 16.5
465.00 16.1
466.00 16.3
467.00 16.5
468.00 16.5
469.00 16.3
470.00 16.4
471.00 16.3
472.00 16.3
473.00 16.3
474.00 16.5
475.00 16.2
476.00 16.8
477.00 16.5
478.00 16.5
479.00 16.4
480.00 16.6
481.00 16.9
482.00 17.2
483.00 17.0
484.00 16.6
485.00 17.3
486.00 16.7
487.00 16.8
488.00 17.0
489.00 16.8
490.00 16.9
491.00 16.7
492.00 16.9
493.00 17.0
494.00 16.7
495.00 16.9
496.00 16.5
497.00 16.9
498.00 16.6
499.00 16.7
500.00 16.7
