1.00 234
2.00 8133.33
3.00 21333.3
4.00 21333.3
5.00 21333.3
6.00 21333.3
7.00 21333.3
8.00 21333.3
9.00 21333.3
10.00 21333.3
11.00 21333.3
12.00 21333.3
13.00 21333.3
14.00 21333.3
15.00 21333.3
16.00 21333.3
17.00 21333.3
18.00 21333.3
19.00 21333.3
20.00 21333.3
21.00 21333.3
22.00 21333.3
23.00 21333.3
24.00 21333.3
25.00 21333.3
26.00 21333.3
27.00 21333.3
28.00 21333.3
29.00 21333.3
30.00 21333.3
31.00 21333.3
32.00 21333.3
33.00 21333.3
34.00 21333.3
35.00 21333.3
36.00 21333.3
37.00 21333.3
38.00 21333.3
39.00 21333.3
40.00 21333.3
41.00 21333.3
42.00 21333.3
43.00 21333.3
44.00 21333.3
45.00 21333.3
46.00 21333.3
47.00 21333.3
48.00 21333.3
49.00 21333.3
50.00 21333.3
51.00 21333.3
52.00 21333.3
53.00 21333.3
54.00 21333.3
55.00 21333.3
56.00 21333.3
57.00 21333.3
58.00 21333.3
59.00 21333.3
60.00 21333.3
61.00 21333.3
62.00 21333.3
63.00 21333.3
64.00 21333.3
65.00 21333.3
66.00 21333.3
67.00 21333.3
68.02 21333.3
69.00 21333.3
70.00 6033.33
71.00 10666.7
72.00 3246.67
73.00 5340
74.00 5353.33
75.00 5426.67
76.00 5540
77.00 5686.67
78.00 5866.67
79.00 2446.67
80.00 1500
81.00 1540
82.00 1666.67
83.00 1880
84.00 2146.67
85.00 2433.33
86.00 2720
87.00 3000
88.00 3260
89.00 3533.33
90.00 2140
91.00 933.333
92.00 953.333
93.00 1060
94.00 1233.33
95.00 1453.33
96.00 1693.33
97.00 1960
98.00 2206.67
99.00 2480
100.00 2706.67
101.00 1420
102.00 726.667
103.00 753.333
104.00 860
105.00 1040
106.00 1273.33
107.00 1546.67
108.00 1826.67
109.00 2073.33
110.00 2346.67
111.00 2613.33
112.00 2873.33
113.00 1506.67
114.00 760
115.00 786.667
116.00 893.333
117.00 1066.67
118.00 1293.33
119.00 1566.67
120.00 1833.33
121.00 2093.33
122.00 2353.33
123.00 2660
124.00 2906.67
125.00 3186.67
126.00 813.333
127.00 826.667
128.00 900
129.00 1046.67
130.00 1253.33
131.00 1513.33
132.00 1773.33
133.00 2053.33
134.00 2326.67
135.00 2593.33
136.00 2886.67
137.00 3166.67
138.00 1993.33
139.00 846.667
140.00 866.667
141.00 973.333
142.00 1153.33
143.00 1373.33
144.00 1653.33
145.00 1913.33
146.00 2206.67
147.00 2486.67
148.00 2740
149.00 3040
150.00 3313.33
151.00 840
152.00 853.333
153.00 906.667
154.00 1046.67
155.00 1240
156.00 1500
157.00 1766.67
158.00 2040
159.00 2320
160.00 2586.67
161.00 2886.67
162.00 3153.33
163.00 2886.67
164.00 853.333
165.00 866.667
166.00 953.333
167.00 1106.67
168.00 1313.33
169.00 1580
170.00 1866.67
171.00 2133.33
172.00 2413.33
173.00 2673.33
174.00 2953.33
175.00 746.667
176.00 760
177.00 846.667
178.00 1006.67
179.00 1213.33
180.00 1473.33
181.00 1740
182.00 2000
183.00 2300
184.00 2586.67
185.00 1373.33
186.00 1380
187.00 1440
188.00 1586.67
189.00 1800
190.00 2040
191.00 2280
192.00 2526.67
193.00 2820
194.00 3113.33
195.00 3420
196.00 866.667
197.00 880
198.00 946.667
199.00 1093.33
200.00 1300
201.00 1560
202.00 1846.67
203.00 2140
204.00 2426.67
205.00 2720
206.00 2986.67
207.00 2833.33
208.00 820
209.00 840
210.00 940
211.00 1113.33
212.00 1326.67
213.00 1600
214.00 1886.67
215.00 2173.33
216.00 2446.67
217.00 2733.33
218.00 3013.33
219.00 3293.33
220.00 1726.67
221.00 1746.67
222.00 1786.67
223.00 1920
224.00 2113.33
225.00 2313.33
226.00 2573.33
227.00 2813.33
228.00 3073.33
229.00 3320
230.00 3600
231.00 1826.67
232.00 1846.67
233.00 1946.67
234.00 2113.33
235.00 2320
236.00 2560
237.00 2826.67
238.00 3086.67
239.00 3333.33
240.00 3593.33
241.00 1860
242.00 1873.33
243.00 1940
244.00 2080
245.00 2280
246.00 2520
247.00 2753.33
248.00 2993.33
249.00 3220
250.00 3453.33
251.00 1773.33
252.00 1793.33
253.00 1880
254.00 2046.67
255.00 2253.33
256.00 2493.33
257.00 2766.67
258.00 3020
259.00 3266.67
260.00 3526.67
261.00 1733.33
262.00 920
263.00 960
264.00 1086.67
265.00 1280
266.00 1520
267.00 1813.33
268.00 2100
269.00 2393.33
270.00 2700
271.00 2986.67
272.00 3286.67
273.00 846.667
274.00 853.333
275.00 913.333
276.00 1053.33
277.00 1253.33
278.00 1506.67
279.00 1786.67
280.00 2073.33
281.00 2366.67
282.00 2646.67
283.00 2933.33
284.00 3206.67
285.00 826.667
286.00 833.333
287.00 893.333
288.00 1040
289.00 1233.33
290.00 1480
291.00 1760
292.00 2040
293.00 2320
294.00 2600
295.00 2886.67
296.00 3160
297.00 920
298.00 826.667
299.00 873.333
300.00 1013.33
301.00 1213.33
302.00 1453.33
303.00 1726.67
304.00 2006.67
305.00 2280
306.00 2560
307.00 2840
308.00 3113.33
309.00 1800
310.00 833.333
311.00 853.333
312.00 960
313.00 1133.33
314.00 1353.33
315.00 1626.67
316.00 1906.67
317.00 2186.67
318.00 2466.67
319.00 2733.33
320.00 3013.33
321.00 1486.67
322.00 806.667
323.00 840
324.00 960
325.00 1146.67
326.00 1373.33
327.00 1646.67
328.00 1913.33
329.00 2186.67
330.00 2453.33
331.00 2720
332.00 2993.33
333.00 3266.67
334.00 820
335.00 833.333
336.00 906.667
337.00 1060
338.00 1260
339.00 1493.33
340.00 1766.67
341.00 2040
342.00 2313.33
343.00 2620
344.00 1353.33
345.00 720
346.00 746.667
347.00 860
348.00 1040
349.00 1286.67
350.00 1560
351.00 1820
352.00 2073.33
353.00 2333.33
354.00 2593.33
355.00 2853.33
356.00 1273.33
357.00 766.667
358.00 813.333
359.00 940
360.00 1133.33
361.00 1373.33
362.00 1640
363.00 1920
364.00 2186.67
365.00 2446.67
366.00 2726.67
367.00 2986.67
368.00 766.667
369.00 780
370.00 833.333
371.00 973.333
372.00 1186.67
373.00 1433.33
374.00 1706.67
375.00 1973.33
376.00 2240
377.00 2513.33
378.00 2786.67
379.00 3060
380.00 1580
381.00 1606.67
382.00 1653.33
383.00 1786.67
384.00 2006.67
385.00 2226.67
386.00 2480
387.00 2726.67
388.00 2973.33
389.00 3246.67
390.00 3546.67
391.00 893.333
392.00 906.667
393.00 993.333
394.00 1146.67
395.00 1360
396.00 1626.67
397.00 1920
398.00 2213.33
399.00 2506.67
400.00 2800
401.00 3086.67
402.00 3380
403.00 860
404.00 873.333
405.00 960
406.00 1113.33
407.00 1320
408.00 1600
409.00 1886.67
410.00 2160
411.00 2453.33
412.00 2726.67
413.00 3020
414.00 3300
415.00 1660
416.00 1680
417.00 1773.33
418.00 1946.67
419.00 2153.33
420.00 2400
421.00 2653.33
422.00 2906.67
423.00 3153.33
424.00 3420
425.00 1973.33
426.00 913.333
427.00 940
428.00 1053.33
429.00 1226.67
430.00 1453.33
431.00 1740
432.00 2033.33
433.00 2333.33
434.00 2633.33
435.00 2913.33
436.00 3220
437.00 1653.33
438.00 1700
439.00 1746.67
440.00 1866.67
441.00 2046.67
442.00 2266.67
443.00 2486.67
444.00 2706.67
445.00 2973.33
446.00 3260
447.00 840
448.00 853.333
449.00 926.667
450.00 1073.33
451.00 1266.67
452.00 1493.33
453.00 1766.67
454.00 2026.67
455.00 2300
456.00 2593.33
457.00 2180
458.00 720
459.00 733.333
460.00 826.667
461.00 993.333
462.00 1200
463.00 1446.67
464.00 1720
465.00 1986.67
466.00 2260
467.00 2540
468.00 1346.67
469.00 1360
470.00 1433.33
471.00 1573.33
472.00 1793.33
473.00 2033.33
474.00 2273.33
475.00 2500
476.00 2800
477.00 3093.33
478.00 3393.33
479.00 860
480.00 866.667
481.00 940
482.00 1086.67
483.00 1286.67
484.00 1540
485.00 1833.33
486.00 2113.33
487.00 2393.33
488.00 2680
489.00 2960
490.00 3246.67
491.00 820
492.00 833.333
493.00 920
494.00 1080
495.00 1286.67
496.00 1553.33
497.00 1833.33
498.00 2120
499.00 2393.33
500.00 2680
