1.00 16.1
2.00 17.0
3.00 16.7
4.00 17.0
5.00 17.0
6.00 16.6
7.00 16.1
8.00 16.3
9.00 16.1
10.00 16.2
11.00 16.2
12.00 16.4
13.00 16.1
14.00 16.1
15.00 15.8
16.00 16.4
17.00 16.4
18.00 16.5
19.00 16.1
20.00 16.3
21.00 16.4
22.00 16.5
23.00 16.2
24.00 16.5
25.00 17.2
26.00 16.8
27.00 17.0
28.00 17.0
29.00 16.8
30.00 16.7
31.00 17.3
32.00 17.1
33.00 17.1
34.00 17.3
35.00 17.0
36.00 17.2
37.00 17.1
38.00 17.1
39.00 16.5
40.00 16.3
41.00 16.4
42.00 16.6
43.00 16.5
44.00 16.5
45.00 16.5
46.00 16.5
47.00 16.5
48.00 16.7
49.00 16.5
50.00 16.3
51.00 16.5
52.00 16.5
53.00 16.3
54.00 16.7
55.00 16.4
56.00 16.5
57.00 16.6
58.00 16.9
59.00 17.3
60.00 17.1
61.00 16.9
62.00 17.0
63.00 17.2
64.00 17.1
65.00 17.2
66.00 17.0
67.00 17.0
68.00 15.9
69.00 16.8
70.00 16.0
71.00 15.9
72.00 14.8
73.00 15.5
74.00 16.3
75.00 16.4
76.00 16.2
77.00 16.5
78.00 16.4
79.00 16.7
80.00 16.2
81.00 16.3
82.00 17.1
83.00 17.0
84.00 17.3
85.00 17.2
86.00 17.2
87.00 17.2
88.00 17.2
89.00 17.1
90.00 16.9
91.00 17.2
92.00 16.3
93.00 16.5
94.00 16.4
95.00 16.6
96.00 16.5
97.00 16.3
98.00 16.5
99.00 16.7
100.00 16.4
101.00 16.2
102.00 16.3
103.00 17.2
104.00 16.6
105.00 16.1
106.00 16.1
107.00 16.0
108.00 16.6
109.00 16.7
110.00 16.5
111.00 16.5
112.00 16.3
113.00 16.5
114.00 16.6
115.00 17.3
116.00 17.1
117.00 17.2
118.00 17.0
119.00 17.0
120.00 17.1
121.00 17.1
122.00 16.9
123.00 16.8
124.00 17.1
125.00 17.0
126.00 17.3
127.00 17.1
128.00 17.1
129.00 17.0
130.00 17.2
131.00 17.0
132.00 17.1
133.00 16.8
134.00 17.1
135.00 17.1
136.00 17.1
137.00 16.8
138.00 16.5
139.00 16.3
140.00 16.4
141.00 16.6
142.00 16.3
143.00 16.3
144.00 16.2
145.00 16.5
146.00 16.5
147.00 16.9
148.00 17.1
149.00 17.2
150.00 17.4
151.00 16.8
152.00 17.2
153.00 17.2
154.00 16.9
155.00 17.1
156.00 17.4
157.00 17.0
158.00 17.2
159.00 17.2
160.00 17.3
161.00 17.1
162.00 17.2
163.00 17.0
164.00 16.6
165.00 17.0
166.00 17.1
167.00 17.0
168.00 17.3
169.00 17.1
170.00 16.5
171.00 16.3
172.00 16.5
173.00 16.5
174.00 16.2
175.00 16.3
176.00 16.4
177.00 16.7
178.00 16.5
179.00 16.6
180.00 17.0
181.00 17.3
182.00 16.7
183.00 16.3
184.00 16.3
185.00 15.9
186.00 16.3
187.00 16.3
188.00 16.6
189.00 16.7
190.00 16.5
191.00 16.5
192.00 16.8
193.00 16.9
194.00 17.1
195.00 16.7
196.00 17.2
197.00 17.0
198.00 16.8
199.00 17.3
200.00 16.7
201.00 17.0
202.00 16.8
203.00 16.3
204.00 16.3
205.00 16.1
206.00 16.1
207.00 16.4
208.00 16.5
209.00 16.4
210.00 16.5
211.00 16.5
212.00 16.7
213.00 16.9
214.00 17.0
215.00 17.3
216.00 16.9
217.00 17.0
218.00 17.2
219.00 17.0
220.00 17.2
221.00 17.3
222.00 17.2
223.00 17.1
224.00 17.2
225.00 17.0
226.00 16.8
227.00 16.7
228.00 16.4
229.00 16.5
230.00 16.4
231.00 16.5
232.00 16.8
233.00 16.6
234.00 16.4
235.00 16.6
236.00 16.3
237.00 16.5
238.00 17.1
239.00 17.3
240.00 16.6
241.00 16.3
242.00 16.4
243.00 16.3
244.00 16.5
245.00 16.4
246.00 16.4
247.00 16.0
248.00 16.6
249.00 16.5
250.00 16.6
251.00 17.2
252.00 17.1
253.00 17.1
254.00 17.3
255.00 17.0
256.00 16.7
257.00 16.1
258.00 16.3
259.00 16.7
260.00 16.5
261.00 16.4
262.00 16.6
263.00 16.5
264.00 16.7
265.00 16.7
266.00 17.1
267.00 16.6
268.00 16.9
269.00 17.1
270.00 17.3
271.00 17.4
272.00 17.3
273.00 17.1
274.00 17.3
275.00 17.2
276.00 17.2
277.00 17.2
278.00 16.5
279.00 16.7
280.00 16.5
281.00 16.5
282.00 16.3
283.00 16.6
284.00 16.6
285.00 16.6
286.00 16.4
287.00 16.5
288.00 16.1
289.00 16.6
290.00 16.6
291.00 16.5
292.00 16.3
293.00 16.5
294.00 16.4
295.00 17.1
296.00 17.0
297.00 17.1
298.00 17.1
299.00 16.8
300.00 17.4
301.00 17.0
302.00 17.1
303.00 17.1
304.00 17.1
305.00 17.0
306.00 17.2
307.00 17.3
308.00 17.3
309.00 16.9
310.00 17.2
311.00 17.2
312.00 17.3
313.00 16.7
314.00 16.5
315.00 16.0
316.00 16.1
317.00 16.2
318.00 16.1
319.00 16.1
320.00 15.8
321.00 16.1
322.00 16.4
323.00 16.0
324.00 16.0
325.00 16.1
326.00 16.4
327.00 16.8
328.00 17.2
329.00 17.2
330.00 16.8
331.00 16.9
332.00 17.3
333.00 17.2
334.00 17.1
335.00 17.2
336.00 17.2
337.00 17.2
338.00 17.1
339.00 17.2
340.00 16.8
341.00 17.1
342.00 16.9
343.00 16.3
344.00 16.6
345.00 16.8
346.00 16.6
347.00 16.9
348.00 16.5
349.00 16.6
350.00 16.1
351.00 16.3
352.00 16.9
353.00 17.2
354.00 17.2
355.00 17.0
356.00 16.7
357.00 16.2
358.00 16.4
359.00 16.6
360.00 16.7
361.00 16.1
362.00 16.6
363.00 16.3
364.00 16.3
365.00 16.7
366.00 16.9
367.00 17.1
368.00 17.3
369.00 17.3
370.00 16.9
371.00 16.1
372.00 16.4
373.00 16.4
374.00 16.5
375.00 16.5
376.00 16.4
377.00 16.7
378.00 15.9
379.00 16.1
380.00 16.3
381.00 16.5
382.00 17.0
383.00 17.0
384.00 17.1
385.00 17.1
386.00 17.3
387.00 17.0
388.00 17.0
389.00 16.5
390.00 17.0
391.00 16.7
392.00 16.5
393.00 16.4
394.00 16.2
395.00 15.7
396.00 15.7
397.00 16.6
398.00 15.6
399.00 16.1
400.00 16.5
401.00 15.0
402.00 15.9
403.00 16.3
404.00 16.5
405.00 16.4
406.00 16.4
407.00 16.3
408.00 16.7
409.00 16.9
410.00 17.0
411.00 17.2
412.00 16.9
413.00 16.6
414.00 17.1
415.00 17.2
416.00 17.0
417.00 17.4
418.00 17.1
419.00 17.0
420.00 17.1
421.00 16.9
422.00 16.9
423.00 16.9
424.00 17.3
425.00 17.1
426.00 17.1
427.00 17.1
428.00 16.6
429.00 16.7
430.00 16.6
431.00 16.4
432.00 16.4
433.00 16.2
434.00 16.3
435.00 16.3
436.00 16.4
437.00 16.5
438.00 16.6
439.00 16.5
440.00 16.8
441.00 16.6
442.00 16.6
443.00 16.4
444.00 16.8
445.00 17.3
446.00 16.9
447.00 17.2
448.00 17.0
449.00 17.1
450.00 17.2
451.00 17.3
452.00 17.2
453.00 17.1
454.00 16.7
455.00 17.1
456.00 16.9
457.00 16.6
458.00 16.5
459.00 16.7
460.00 16.5
461.00 16.3
462.00 16.6
463.00 16.7
464.00 16.1
465.00 16.6
466.00 16.3
467.00 17.2
468.00 17.4
469.00 17.1
470.00 17.0
471.00 17.1
472.00 17.2
473.00 16.7
474.00 16.5
475.00 16.4
476.00 16.6
477.00 16.5
478.00 16.6
479.00 16.3
480.00 16.7
481.00 16.3
482.00 16.3
483.00 16.8
484.00 17.1
485.00 16.5
486.00 16.2
487.00 16.4
488.00 16.4
489.00 16.4
490.00 16.6
491.00 16.4
492.00 16.5
493.00 16.3
494.00 16.5
495.00 16.7
496.00 16.6
497.00 17.2
498.00 17.1
499.00 17.3
500.00 17.1
