63.43 9.4
64 18.8667
65 75.3333
66 301.333
67 603.333
68 1373.33
69 926.667
70 926.667
71 953.333
72 1026.67
73 1146.67
74 1300
75 1433.33
76 1653.33
77 1826.67
78 2026.67
79 2293.33
80 2546.67
81 2773.33
82 3046.67
83 3240
84 1686.67
85 1693.33
86 1753.33
87 1866.67
88 2013.33
89 2193.33
90 2413.33
91 2633.33
92 2900
93 3173.33
94 3413.33
95 3673.33
96 3920
97 4206.67
98 4473.33
99 4726.67
100 4966.67
101 5213.33
102 5546.67
103 5800
104 2826.67
105 2946.67
106 2966.67
107 3040
108 3160
109 3313.33
110 3506.67
111 3740
112 3993.33
113 4246.67
114 4500
115 4760
116 5000
117 5260
118 5513.33
119 5793.33
120 6113.33
121 6413.33
122 6733.33
123 7066.67
124 3246.67
125 1780
126 1793.33
127 1840
128 1940
129 2086.67
130 2273.33
131 2480
132 2713.33
133 2993.33
134 3273.33
135 3566.67
136 3840
137 4146.67
138 4420
139 4740
140 5046.67
141 5333.33
142 5626.67
143 5966.67
144 6426.67
145 6126.67
146 2200
147 1680
148 1700
149 1780
150 1893.33
151 2040
152 2220
153 2426.67
154 2640
155 2920
156 3200
157 3466.67
158 3786.67
159 4053.33
160 4360
161 4640
162 4920
163 5213.33
164 5486.67
165 5720
166 6093.33
167 6493.33
168 3366.67
169 1660
170 1673.33
171 1726.67
172 1826.67
173 1960
174 2133.33
175 2333.33
176 2560
177 2800
178 3060
179 3340
180 3653.33
181 3933.33
182 4226.67
183 4520
184 4780
185 5080
186 5420
187 2600
188 1360
189 1380
190 1440
191 1546.67
192 1686.67
193 1873.33
194 2080
195 2300
196 2586.67
197 2880
198 3166.67
199 3426.67
200 3720
201 3966.67
202 4206.67
203 4460
204 4746.67
205 5066.67
206 5380
207 5593.33
208 2846.67
209 1446.67
210 1453.33
211 1500
212 1593.33
213 1726.67
214 1900
215 2113.33
216 2340
217 2613.33
218 2900
219 3173.33
220 3420
221 3700
222 3960
223 4253.33
224 4526.67
225 4780
226 5066.67
227 5386.67
228 5840
229 6166.67
230 6666.67
231 7066.67
232 7466.67
233 7800
234 8133.33
235 713.333
236 2040
237 2053.33
238 2106.67
239 2200
240 2340
241 2500
242 2713.33
243 2946.67
244 3220
245 3513.33
246 3833.33
247 4106.67
248 4433.33
249 4700
250 4980
251 5280
252 5600
253 5873.33
254 6120
255 6473.33
256 2093.33
257 1626.67
258 1646.67
259 1713.33
260 1826.67
261 1980
262 2160
263 2373.33
264 2600
265 2900
266 3133.33
267 3440
268 3693.33
269 3973.33
270 4273.33
271 4593.33
272 4933.33
273 5173.33
274 5480
275 3233.33
276 1400
277 1413.33
278 1460
279 1553.33
280 1680
281 1846.67
282 2040
283 2253.33
284 2500
285 2780
286 3053.33
287 3326.67
288 3600
289 3853.33
290 4093.33
291 4346.67
292 4613.33
293 4913.33
294 5246.67
295 5526.67
296 5406.67
297 1440
298 1446.67
299 1473.33
300 1553.33
301 1673.33
302 1826.67
303 2013.33
304 2226.67
305 2466.67
306 2753.33
307 3026.67
308 3286.67
309 3586.67
310 3806.67
311 4093.33
312 4380
313 4646.67
314 4913.33
315 5173.33
316 5486.67
317 5826.67
318 5286.67
319 1766.67
320 1506.67
321 1513.33
322 1566.67
323 1660
324 1806.67
325 1986.67
326 2200
327 2446.67
328 2726.67
329 3013.33
330 3280
331 3526.67
332 3826.67
333 4060
334 4320
335 4600
336 4866.67
337 5126.67
338 5533.33
339 5860
340 6200
341 6653.33
342 3373.33
343 1693.33
344 1700
345 1753.33
346 1846.67
347 1993.33
348 2166.67
349 2373.33
350 2580
351 2853.33
352 3126.67
353 3380
354 3653.33
355 3940
356 4226.67
357 4480
358 4753.33
359 5040
360 5326.67
361 5586.67
362 5900
363 6393.33
364 6733.33
365 3373.33
366 1706.67
367 1720
368 1786.67
369 1893.33
370 2040
371 2213.33
372 2420
373 2626.67
374 2900
375 3166.67
376 3453.33
377 3760
378 4006.67
379 4300
380 4600
381 4886.67
382 5166.67
383 5426.67
384 5686.67
385 6033.33
386 6393.33
387 6866.67
388 4353.33
389 1746.67
390 1760
391 1806.67
392 1906.67
393 2046.67
394 2206.67
395 2406.67
396 2620
397 2893.33
398 3166.67
399 3440
400 3720
401 3986.67
402 4266.67
403 4553.33
404 4826.67
405 5080
406 5353.33
407 5653.33
408 5953.33
409 6280
410 6733.33
411 3426.67
412 3426.67
413 3440
414 3493.33
415 3600
416 3740
417 3920
418 4120
419 4320
420 4546.67
421 4820
422 5040
423 5306.67
424 5560
425 5813.33
426 6053.33
427 6353.33
428 6646.67
429 6933.33
430 3780
431 1780
432 1786.67
433 1840
434 1940
435 2073.33
436 2246.67
437 2440
438 2653.33
439 2920
440 3186.67
441 3480
442 3800
443 4113.33
444 4393.33
445 4660
446 4960
447 5253.33
448 5553.33
449 5960
450 6386.67
451 3313.33
452 1626.67
453 1626.67
454 1666.67
455 1753.33
456 1873.33
457 2033.33
458 2226.67
459.01 2446.67
460 2700
461 3006.67
462 3233.33
463 3533.33
464 3840
465 4126.67
466 4440
467 4733.33
468 4986.67
469 5313.33
470 5620
471 2720
472 1413.33
473 1433.33
474 1493.33
475 1593.33
476 1740
477 1913.33
478 2113.33
479 2333.33
480 2600
481 2873.33
482 3146.67
483 3433.33
484 3673.33
485 3966.67
486 4206.67
487 4466.67
488 4746.67
489 5066.67
490 5346.67
491 5593.33
492 5500
493 2906.67
494 2980
495 3000
496.01 3066.67
497 3153.33
498 3306.67
499 3506.67
500 3753.33
