1.00 13.2
2.00 14.0
3.00 15.7
4.00 14.9
5.00 16.0
6.00 15.9
7.00 15.3
8.00 15.6
9.00 14.7
10.00 14.7
11.00 14.9
12.00 14.7
13.00 15.5
14.00 14.3
15.00 16.0
16.00 16.5
17.00 15.0
18.00 17.3
19.00 18.7
20.00 17.4
21.00 17.9
22.00 18.5
23.00 18.1
24.00 18.6
25.00 18.8
26.00 16.8
27.00 17.6
28.00 16.5
29.00 18.1
30.00 17.6
31.00 17.5
32.00 17.0
33.00 16.5
34.00 17.0
35.00 17.3
36.00 19.0
37.00 19.2
38.00 18.1
39.00 18.9
40.00 18.8
41.00 16.9
42.00 18.0
43.00 18.8
44.00 17.3
45.00 18.7
46.00 18.4
47.00 17.0
48.00 18.5
49.00 18.8
50.00 19.7
51.00 19.4
52.00 18.8
53.00 18.9
54.00 18.6
55.00 18.8
56.00 18.8
57.00 18.8
58.00 18.6
59.00 18.8
60.00 18.6
61.00 18.5
62.00 19.3
63.00 19.2
64.00 18.8
65.00 18.1
66.00 18.7
67.00 18.7
68.00 17.7
69.00 18.0
70.00 18.6
71.00 18.9
72.00 19.0
73.00 19.0
74.00 19.0
75.00 19.4
76.00 19.5
77.00 19.6
78.00 19.5
79.00 19.5
80.00 19.2
81.00 18.9
82.00 15.5
83.00 15.9
84.00 15.3
85.00 15.8
86.00 16.2
87.00 16.8
88.00 16.5
89.00 16.7
90.00 16.8
91.00 16.8
92.00 16.9
93.00 16.8
94.00 16.9
95.00 16.6
96.00 16.6
97.00 16.9
98.00 17.0
99.00 17.0
100.00 17.0
101.00 16.8
102.00 16.8
103.00 17.1
104.00 17.4
105.00 17.5
106.00 17.1
107.00 17.4
108.00 17.4
109.00 17.4
110.00 17.5
111.00 17.4
112.00 17.4
113.00 17.1
114.00 17.1
115.00 16.9
116.00 16.9
117.00 17.1
118.00 17.0
119.00 17.0
120.00 17.1
121.00 17.2
122.00 17.1
123.00 17.2
124.00 17.3
125.00 17.3
126.00 17.3
127.00 17.3
128.00 17.3
129.00 16.5
130.00 17.1
131.00 17.2
132.00 17.1
133.00 17.4
134.00 16.8
135.00 16.9
136.00 16.8
137.00 16.7
138.00 16.9
139.00 16.2
140.00 15.9
141.00 16.6
142.00 16.9
143.00 16.9
144.00 16.9
145.00 16.6
146.00 16.9
147.00 16.8
148.00 17.0
149.00 17.1
150.00 17.1
151.00 17.3
152.00 17.2
153.00 17.0
154.00 17.1
155.00 17.2
156.00 17.0
157.00 17.2
158.00 17.0
159.00 17.4
160.00 17.3
161.00 17.4
162.00 17.1
163.00 17.1
164.00 17.1
165.00 17.0
166.00 17.0
167.00 17.0
168.00 16.8
169.00 17.2
170.00 17.0
171.00 16.9
172.00 17.0
173.00 17.3
174.00 17.4
175.00 17.2
176.00 17.2
177.00 17.1
178.00 16.8
179.00 16.8
180.00 17.1
181.00 17.1
182.00 17.0
183.00 16.9
184.00 16.8
185.00 17.3
186.00 17.3
187.00 17.1
188.00 17.1
189.00 16.6
190.00 17.0
191.00 17.0
192.00 17.0
193.00 17.1
194.00 17.0
195.00 17.1
196.00 17.0
197.00 17.1
198.00 17.4
199.00 17.1
200.00 17.4
201.00 17.3
202.00 17.3
203.00 17.3
204.00 17.5
205.00 17.2
206.00 17.3
207.00 17.4
208.00 17.4
209.00 17.3
210.00 17.3
211.00 17.1
212.00 17.1
213.00 16.9
214.00 16.9
215.00 17.0
216.00 17.0
217.00 17.1
218.00 17.1
219.00 16.9
220.00 16.7
221.00 17.0
222.00 17.2
223.00 17.1
224.00 17.0
225.00 17.0
226.00 17.1
227.00 17.4
228.00 17.4
229.00 17.4
230.00 17.0
231.00 17.2
232.00 17.2
233.00 17.3
234.00 17.0
235.00 16.1
236.00 16.0
237.00 16.8
238.00 17.0
239.00 16.9
240.00 17.1
241.00 16.9
242.00 16.9
243.00 16.9
244.00 17.0
245.00 17.1
246.00 17.2
247.00 17.2
248.00 16.9
249.00 17.4
250.00 17.4
251.00 17.1
252.00 17.4
253.00 17.4
254.00 17.3
255.00 17.3
256.00 17.2
257.00 17.0
258.00 17.1
259.00 17.1
260.00 17.1
261.00 16.7
262.00 16.9
263.00 17.1
264.00 17.1
265.00 17.1
266.00 17.0
267.00 17.0
268.00 17.0
269.00 17.2
270.00 17.1
271.00 17.3
272.00 17.0
273.00 17.2
274.00 17.1
275.00 17.4
276.00 17.2
277.00 17.3
278.00 17.2
279.00 17.3
280.00 17.3
281.00 17.4
282.00 17.2
283.00 17.4
284.00 17.2
285.00 17.1
286.00 17.0
287.00 17.1
288.00 17.0
289.00 16.9
290.00 16.8
291.00 17.0
292.00 16.6
293.00 17.0
294.00 16.9
295.00 16.8
296.00 17.0
297.00 17.1
298.00 16.9
299.00 17.2
300.00 17.0
301.00 17.1
302.00 16.9
303.00 16.5
304.00 17.0
305.00 16.7
306.00 17.1
307.00 17.0
308.00 17.2
309.00 17.3
310.00 17.1
311.00 17.1
312.00 17.1
313.00 16.9
314.00 16.7
315.00 17.0
316.00 17.1
317.00 17.2
318.00 17.1
319.00 17.0
320.00 17.2
321.00 17.3
322.00 17.5
323.00 17.4
324.00 16.9
325.00 17.4
326.00 16.9
327.00 15.9
328.00 17.3
329.00 16.1
330.00 16.8
331.00 17.2
332.00 17.3
333.00 17.3
334.00 16.8
335.00 16.9
336.00 17.0
337.00 17.0
338.00 16.9
339.00 17.0
340.00 17.1
341.00 17.1
342.00 17.0
343.00 16.9
344.00 16.9
345.00 16.8
346.00 17.0
347.00 16.7
348.00 16.4
349.00 16.5
350.00 16.9
351.00 16.7
352.00 16.1
353.00 17.0
354.00 17.4
355.00 17.0
356.00 16.9
357.00 16.9
358.00 16.9
359.00 17.2
360.00 17.4
361.00 17.0
362.00 16.9
363.00 16.5
364.00 16.0
365.00 15.7
366.00 16.0
367.00 15.9
368.00 16.9
369.00 17.1
370.00 17.2
371.00 17.2
372.00 17.4
373.00 17.3
374.00 17.3
375.00 17.2
376.00 17.3
377.00 17.4
378.00 17.4
379.00 17.2
380.00 17.4
381.00 17.3
382.00 17.5
383.00 17.3
384.00 17.0
385.00 17.0
386.00 16.6
387.00 17.1
388.00 17.1
389.00 17.1
390.00 17.0
391.00 16.9
392.00 17.0
393.00 17.1
394.00 17.4
395.00 17.3
396.00 16.9
397.00 17.3
398.00 17.4
399.00 17.4
400.00 17.5
401.00 17.4
402.00 17.4
403.00 17.3
404.00 17.4
405.00 17.5
406.00 17.2
407.00 16.9
408.00 17.0
409.00 17.0
410.00 17.1
411.00 17.2
412.00 17.2
413.00 17.1
414.00 17.1
415.00 17.0
416.00 17.0
417.00 17.0
418.00 17.2
419.00 17.2
420.00 17.2
421.00 17.2
422.00 17.2
423.00 17.3
424.00 17.2
425.00 17.2
426.00 17.1
427.00 17.0
428.00 17.0
429.00 17.0
430.00 17.0
431.00 16.9
432.00 17.0
433.00 17.0
434.00 16.9
435.00 17.2
436.00 17.1
437.00 17.0
438.00 16.8
439.00 16.9
440.00 17.1
441.00 17.1
442.00 17.1
443.00 17.3
444.00 17.3
445.00 17.3
446.00 17.2
447.00 17.4
448.00 16.9
449.00 17.2
450.00 17.1
451.00 17.0
452.00 17.1
453.00 17.1
454.00 16.9
455.00 16.9
456.00 16.4
457.00 16.9
458.00 17.0
459.00 17.0
460.00 17.1
461.00 17.2
462.00 17.3
463.00 17.3
464.00 17.5
465.00 17.4
466.00 17.4
467.00 17.3
468.00 17.2
469.00 17.0
470.00 17.4
471.00 17.4
472.00 17.4
473.00 17.3
474.00 16.9
475.00 17.1
476.00 17.1
477.00 17.2
478.00 17.0
479.00 16.7
480.00 17.0
481.00 16.9
482.00 17.0
483.00 17.0
484.00 16.7
485.00 16.9
486.00 16.9
487.00 16.7
488.00 17.0
489.00 16.7
490.00 16.9
491.00 16.9
492.00 17.1
493.00 17.2
494.00 17.3
495.00 17.4
496.00 17.2
497.00 17.1
498.00 17.0
499.00 17.1
500.00 16.8
