1.00 37.7333
2.00 301.333
3.00 2146.67
4.00 10933.3
5.00 21333.3
6.00 21333.3
7.00 21333.3
8.00 21333.3
9.00 21333.3
10.00 21333.3
11.00 21333.3
12.00 21333.3
13.00 21333.3
14.00 21333.3
15.00 21333.3
16.00 21333.3
17.00 21333.3
18.00 21333.3
19.00 21333.3
20.00 21333.3
21.00 21333.3
22.00 21333.3
23.00 21333.3
24.00 21333.3
25.00 21333.3
26.00 21333.3
27.00 21333.3
28.00 21333.3
29.00 21333.3
30.00 21333.3
31.00 21333.3
32.00 21333.3
33.00 21333.3
34.00 21333.3
35.00 21333.3
36.00 21333.3
37.00 21333.3
38.00 21333.3
39.00 21333.3
40.00 21333.3
41.00 21333.3
42.00 21333.3
43.00 21333.3
44.00 21333.3
45.00 21333.3
46.00 21333.3
47.00 21333.3
48.00 21333.3
49.00 21333.3
50.00 21333.3
51.00 21333.3
52.00 21333.3
53.00 21333.3
54.00 21333.3
55.00 21333.3
56.00 21333.3
57.00 21333.3
58.00 21333.3
59.00 21333.3
60.00 21333.3
61.00 21333.3
62.00 21333.3
63.00 21333.3
64.00 21333.3
65.01 21333.3
66.00 21333.3
67.01 21333.3
68.00 21333.3
69.00 2420
70.00 10666.7
71.00 10666.7
72.00 10666.7
73.00 70.6667
74.00 5340
75.00 5360
76.00 5433.33
77.00 5540
78.00 5693.33
79.00 5880
80.00 6060
81.00 6286.67
82.00 6506.67
83.00 6800
84.00 7066.67
85.00 7400
86.00 7666.67
87.00 4646.67
88.00 1973.33
89.00 1973.33
90.00 2013.33
91.00 2093.33
92.00 2220
93.00 2373.33
94.00 2560
95.00 2780
96.00 3040
97.00 3320
98.00 3606.67
99.00 3926.67
100.00 4173.33
101.00 4453.33
102.00 4746.67
103.00 5026.67
104.00 5286.67
105.00 5580
106.00 5920
107.00 6173.33
108.00 3166.67
109.00 1573.33
110.00 1580
111.00 1620
112.00 1706.67
113.00 1826.67
114.00 1993.33
115.00 2200
116.00 2433.33
117.00 2666.67
118.00 2966.67
119.00 3233.33
120.00 3493.33
121.00 3806.67
122.00 4093.33
123.00 4400
124.00 4686.67
125.00 4986.67
126.00 5280
127.00 5593.33
128.00 4260
129.00 1440
130.00 1446.67
131.00 1473.33
132.00 1553.33
133.00 1673.33
134.00 1833.33
135.00 2020
136.00 2226.67
137.00 2460
138.00 2740
139.00 3006.67
140.00 3286.67
141.00 3566.67
142.00 3800
143.00 4040
144.00 4320
145.00 4580
146.00 4840
147.00 5153.33
148.00 5500
149.00 5700
150.00 2733.33
151.00 1460
152.00 1466.67
153.00 1513.33
154.00 1613.33
155.00 1760
156.00 1940
157.00 2153.33
158.00 2393.33
159.00 2666.67
160.00 2940
161.00 3206.67
162.00 3466.67
163.00 3713.33
164.00 3980
165.00 4280
166.00 4553.33
167.00 4820
168.00 5093.33
169.00 5360
170.00 5713.33
171.00 6046.67
172.00 6260
173.00 3206.67
174.00 3213.33
175.00 3246.67
176.00 3333.33
177.00 3466.67
178.00 3633.33
179.00 3860
180.00 4093.33
181.00 4333.33
182.00 4606.67
183.00 4840
184.00 5113.33
185.00 5366.67
186.00 5620
187.00 5866.67
188.00 6133.33
189.00 6453.33
190.00 6800
191.00 3420
192.00 1713.33
193.00 1726.67
194.00 1786.67
195.00 1900
196.00 2053.33
197.00 2233.33
198.00 2433.33
199.00 2646.67
200.00 2920
201.00 3186.67
202.00 3480
203.00 3793.33
204.00 4046.67
205.00 4380
206.00 4653.33
207.00 4940
208.00 5233.33
209.00 5620
210.00 5980
211.00 6273.33
212.00 3300
213.00 1620
214.00 1626.67
215.00 1660
216.00 1746.67
217.00 1866.67
218.00 2026.67
219.00 2213.33
220.00 2433.33
221.00 2680
222.00 2953.33
223.00 3226.67
224.00 3520
225.00 3826.67
226.00 4073.33
227.00 4373.33
228.00 4666.67
229.00 4933.33
230.00 5200
231.00 5453.33
232.00 5800
233.00 5146.67
234.00 3040
235.00 3046.67
236.00 3073.33
237.00 3140
238.00 3233.33
239.00 3160
240.00 1653.33
241.00 1660
242.00 1706.67
243.00 1800
244.00 1933.33
245.00 2106.67
246.00 2306.67
247.00 2526.67
248.00 2786.67
249.00 3073.33
250.00 3313.33
251.00 3560
252.00 3833.33
253.00 4120
254.00 4366.67
255.00 4626.67
256.00 4906.67
257.00 5133.33
258.00 5380
259.00 5733.33
260.00 4593.33
261.00 2946.67
262.00 2960
263.00 3013.33
264.00 3106.67
265.00 3253.33
266.00 3433.33
267.00 3666.67
268.00 3913.33
269.00 4160
270.00 4406.67
271.00 4660
272.00 4926.67
273.00 5160
274.00 5473.33
275.00 5766.67
276.00 6080
277.00 6346.67
278.00 6666.67
279.00 5033.33
280.00 1720
281.00 1726.67
282.00 1760
283.00 1846.67
284.00 1980
285.00 2153.33
286.00 2353.33
287.00 2566.67
288.00 2826.67
289.00 3106.67
290.00 3400
291.00 3686.67
292.00 3946.67
293.00 4280
294.00 4560
295.00 4833.33
296.00 5126.67
297.00 5440
298.00 5893.33
299.00 6280
300.00 6666.67
301.00 780
302.00 1673.33
303.00 1693.33
304.00 1773.33
305.00 1893.33
306.00 2060
307.00 2253.33
308.00 2473.33
309.00 2700
310.00 2973.33
311.00 3246.67
312.00 3540
313.00 3806.67
314.00 4100
315.00 4353.33
316.00 4666.67
317.00 4960
318.00 5240
319.00 5500
320.00 5813.33
321.00 6173.33
322.00 6486.67
323.00 3420
324.00 1693.33
325.00 1700
326.00 1740
327.00 1826.67
328.00 1946.67
329.00 2113.33
330.00 2306.67
331.00 2520
332.00 2760
333.00 3046.67
334.00 3326.67
335.00 3620
336.00 3900
337.00 4186.67
338.00 4446.67
339.00 4720
340.00 5000
341.00 5293.33
342.00 5606.67
343.00 5880
344.00 6226.67
345.00 6666.67
346.00 4940
347.00 1726.67
348.00 1733.33
349.00 1773.33
350.00 1860
351.00 1986.67
352.00 2153.33
353.00 2340
354.00 2546.67
355.00 2786.67
356.00 3060
357.00 3340
358.00 3640
359.00 3880
360.00 4180
361.00 4466.67
362.00 4740
363.00 5020
364.00 5300
365.00 5546.67
366.00 5813.33
367.00 6260
368.00 6573.33
369.00 4353.33
370.00 36.7333
371.00 1713.33
372.00 1740
373.00 1806.67
374.00 1933.33
375.00 2093.33
376.00 2280
377.00 2486.67
378.00 2713.33
379.00 2993.33
380.00 3260
381.00 3520
382.00 3813.33
383.00 4053.33
384.00 4340
385.00 4620
386.00 4893.33
387.00 5160
388.00 5413.33
389.00 5753.33
390.00 6053.33
391.00 6493.33
392.00 6366.67
393.00 2413.33
394.00 1706.67
395.00 1726.67
396.00 1793.33
397.00 1920
398.00 2080
399.00 2260
400.00 2466.67
401.00 2693.33
402.00 2966.67
403.00 3233.33
404.00 3480
405.00 3780
406.00 4020
407.00 4286.67
408.00 4560
409.00 4800
410.00 5080
411.00 5373.33
412.00 5653.33
413.00 6000
414.00 6480
415.00 6360
416.00 1700
417.00 1700
418.00 1726.67
419.00 1806.67
420.00 1920
421.00 2086.67
422.00 2280
423.00 2486.67
424.00 2713.33
425.00 2993.33
426.00 3253.33
427.00 3500
428.00 3773.33
429.00 4053.33
430.00 4353.33
431.00 4673.33
432.00 4980
433.00 5220
434.00 4580
435.00 2253.33
436.00 1386.67
437.00 1406.67
438.00 1466.67
439.00 1580
440.00 1740
441.00 1926.67
442.00 2146.67
443.00 2380
444.00 2660
445.00 2953.33
446.00 3206.67
447.00 3426.67
448.00 3733.33
449.00 3960
450.00 4200
451.00 4453.33
452.00 4760
453.00 5080
454.00 5353.33
455.00 5606.67
456.00 2886.67
457.00 2893.33
458.00 2926.67
459.00 3013.33
460.00 3140
461.00 3306.67
462.00 3520
463.00 3766.67
464.00 4006.67
465.00 4246.67
466.00 4506.67
467.00 4740
468.00 5006.67
469.00 5286.67
470.00 5593.33
471.00 5886.67
472.00 6166.67
473.00 6506.67
474.00 6800
475.00 3666.67
476.00 1753.33
477.00 1760
478.00 1800
479.00 1886.67
480.00 2020
481.00 2193.33
482.00 2393.33
483.00 2606.67
484.00 2880
485.00 3153.33
486.00 3440
487.00 3706.67
488.00 3986.67
489.00 4286.67
490.00 4606.67
491.00 4886.67
492.00 5180
493.00 5486.67
494.00 5740
495.00 6013.33
496.00 6373.33
497.00 5606.67
498.00 3293.33
499.00 3306.67
500.00 3366.67
