1.00 1053.33
2.00 672
3.00 680
4.00 760
5.00 906.667
6.00 1066.67
7.00 1260
8.00 706.667
9.00 726.667
10.00 766.667
11.00 873.333
12.00 1026.67
13.00 1193.33
14.00 1393.33
15.00 1593.33
16.00 1786.67
17.00 2000
18.00 2173.33
19.00 580.667
20.00 612.667
21.00 700
22.00 860
23.00 1046.67
24.00 1246.67
25.00 1446.67
26.00 1653.33
27.00 1853.33
28.00 2060
29.00 2266.67
30.00 2500
31.00 337.333
32.00 358
33.00 418.667
34.00 550.667
35.00 726.667
36.00 926.667
37.00 1126.67
38.00 1340
39.00 1566.67
40.00 1820
41.00 2073.33
42.00 1213.33
43.00 1166.67
44.00 1193.33
45.00 1273.33
46.00 1386.67
47.00 1533.33
48.00 1693.33
49.00 1866.67
50.00 2073.33
51.00 550.667
52.00 571.333
53.00 648.667
54.00 786.667
55.00 966.667
56.00 1166.67
57.00 1366.67
58.00 1566.67
59.00 1766.67
60.00 1973.33
61.00 2180
62.00 1120
63.00 602.667
64.00 76.6667
65.00 97.3333
66.00 134.667
67.00 230.667
68.00 356.667
69.00 214
70.00 239.333
71.00 320.667
72.00 450
73.00 590
74.00 339.333
75.00 360
76.00 428
77.00 541.333
78.00 682.667
79.00 195.333
80.00 216.667
81.00 287.333
82.00 414
83.00 557.333
84.00 322.667
85.00 194
86.00 236
87.00 348.667
88.00 506
89.00 667.333
90.00 398
91.00 418.667
92.01 476
93.00 598
94.00 733.333
95.00 448.667
96.00 468.667
97.00 506
98.00 600.667
99.00 713.333
100.00 860
101.00 459.333
102.00 493.333
103.00 570.667
104.00 673.333
105.00 813.333
106.00 226
107.00 259.333
108.00 358
109.00 498
110.00 653.333
111.00 374
112.00 396
113.00 464.667
114.00 578
115.00 693.333
116.00 393.333
117.00 416.667
118.00 501.333
119.00 639.333
120.00 780
121.00 440
122.00 462.667
123.00 536.667
124.00 658
125.00 780
126.00 435.333
127.00 458
128.00 533.333
129.00 652.667
130.00 773.333
131.00 225.333
132.00 246
133.00 296
134.00 409.333
135.00 550.667
136.00 348
137.00 368.667
138.00 414.667
139.00 530.667
140.00 682.667
141.00 403.333
142.00 417.333
143.00 417.333
144.00 242
145.00 278
146.00 371.333
147.00 499.333
148.00 425.333
149.00 334.667
150.00 373.333
151.00 468.667
152.00 596.667
153.00 364.667
154.00 385.333
155.00 430
156.00 536.667
157.00 673.333
158.00 833.333
159.00 460.667
160.00 484.667
161.00 558
162.00 676
163.00 800
164.00 444
165.00 466.667
166.00 542.667
167.00 658.667
168.00 786.667
169.00 219.333
170.00 250.667
171.00 351.333
172.00 512.667
173.00 681.333
174.00 412.667
175.00 433.333
176.00 478.667
177.00 578.667
178.00 693.333
179.00 833.333
180.00 230
181.00 261.333
182.00 358
183.00 494
184.00 650.667
185.00 362
186.00 384.667
187.00 460
188.00 576.667
189.00 693.333
190.00 198.667
191.00 223.333
192.00 310
193.00 459.333
194.00 624
195.00 616.667
196.00 412.667
197.00 453.333
198.00 565.333
199.00 693.333
200.00 853.333
201.00 242
202.00 264
203.00 340
204.00 471.333
205.00 623.333
206.00 766.667
207.00 212
208.00 238.667
209.00 330
210.00 460
211.00 601.333
212.00 343.333
213.00 364.667
214.00 441.333
215.00 576
216.00 706.667
217.00 424
218.00 444
219.00 494
220.00 598.667
221.00 356.667
222.00 371.333
223.00 400.667
224.00 226
225.00 246.667
226.00 310
227.00 437.333
228.00 598
229.00 740
230.00 398.667
231.00 434.667
232.00 525.333
233.00 653.333
234.00 773.333
235.00 446
236.00 466.667
237.00 539.333
238.00 664
239.00 793.333
240.00 576
241.00 502.667
242.00 539.333
243.00 635.333
244.00 746.667
245.00 444
246.00 457.333
247.00 240.667
248.00 260
249.00 312
250.00 416.667
251.00 552.667
252.00 325.333
253.00 346
254.00 402.667
255.00 510
256.00 644
257.00 189.333
258.00 210
259.00 260
260.00 368.667
261.00 507.333
262.00 668.667
263.00 190.667
264.00 213.333
265.00 296.667
266.00 444
267.00 605.333
268.00 746.667
269.00 214.667
270.00 237.333
271.00 318.667
272.00 464
273.00 628.667
274.00 773.333
275.00 222.667
276.00 245.333
277.00 322.667
278.00 466.667
279.00 633.333
280.00 786.667
281.00 441.333
282.00 462
283.00 530.667
284.00 642
285.00 760
286.00 418.667
287.00 446
288.00 532
289.00 653.333
290.00 389.333
291.00 410
292.00 454.667
293.00 553.333
294.00 666.667
295.00 389.333
296.00 402.667
297.00 106.667
298.00 127.333
299.00 179.333
300.00 287.333
301.00 207.333
302.00 228
303.00 271.333
304.00 378
305.00 514.667
306.00 680
307.00 886.667
308.00 548
309.00 568.667
310.00 607.333
311.00 686.667
312.00 813.333
313.00 973.333
314.00 566.667
315.00 587.333
316.00 308
317.00 329.333
318.00 370.667
319.00 462
320.00 576.667
321.00 164
322.00 188.667
323.00 273.333
324.00 402.667
325.00 546.667
326.00 325.333
327.00 346.667
328.00 408
329.00 533.333
330.00 666.667
331.00 826.667
332.00 453.333
333.00 482.667
334.00 567.333
335.00 673.333
336.00 813.333
337.00 236
338.00 263.333
339.00 354.667
340.00 496
341.00 664
342.00 826.667
343.00 1040
344.00 580.667
345.00 598.667
346.00 655.333
347.00 733.333
348.00 213.333
349.00 236.667
350.00 314.667
351.00 439.333
352.00 576
353.00 344
354.00 364.667
355.00 419.333
356.00 540
357.00 673.333
358.00 826.667
359.00 444.667
360.00 480
361.00 570.667
362.00 673.333
363.00 382.667
364.00 405.333
365.00 480.667
366.00 598
367.00 720
368.00 400.667
369.00 428
370.00 524
371.00 666.667
372.00 813.333
373.00 250.667
374.00 270.667
375.00 316
376.00 424
377.00 564
378.00 706.667
379.00 200.667
380.00 226
381.00 314
382.00 444
383.00 588
384.00 186
385.00 205.333
386.00 253.333
387.00 358
388.00 496.667
389.00 640
390.00 352.667
391.00 378.667
392.00 458
393.00 576.667
394.00 644
395.00 378
396.00 414
397.00 508
398.00 631.333
399.00 371.333
400.00 392
401.00 437.333
402.00 536.667
403.00 668.667
404.00 391.333
405.00 412
406.00 460
407.00 562
408.00 673.333
409.00 202
410.00 222.667
411.00 272.667
412.00 387.333
413.00 526
414.00 674.667
415.00 186.667
416.00 222.667
417.00 327.333
418.00 486.667
419.00 651.333
420.00 393.333
421.00 414
422.00 460.667
423.00 564
424.00 673.333
425.00 820
426.01 440
427.00 467.333
428.00 549.333
429.00 666.667
430.00 786.667
431.00 222.667
432.00 248
433.00 337.333
434.00 490
435.00 657.333
436.00 204.667
437.00 224.667
438.00 279.333
439.00 401.333
440.00 569.333
441.00 720
442.00 420.667
443.00 441.333
444.00 512
445.00 638
446.00 780
447.00 232
448.00 252.667
449.00 298
450.00 409.333
451.00 556
452.00 706.667
453.00 202
454.00 227.333
455.00 316
456.00 466
457.00 631.333
458.00 524
459.00 214.667
460.00 250.667
461.00 359.333
462.00 520.667
463.00 673.333
464.00 393.333
465.00 405.333
466.00 218.667
467.00 246
468.00 332
469.00 458
470.00 603.333
471.00 806.667
472.00 1053.33
473.00 309.333
474.00 330
475.00 398
476.00 537.333
477.00 680
478.00 853.333
479.00 469.333
480.00 496.667
481.00 578
482.00 680
483.00 826.667
484.00 993.333
485.00 1113.33
486.00 626.667
487.00 664
488.00 740
489.00 866.667
490.00 450.667
491.00 272.667
492.00 314
493.00 427.333
494.00 587.333
495.00 753.333
496.00 457.333
497.00 478
498.00 528.667
499.00 642.667
500.00 766.667
