63.43 9.4
64 9.4
65 7.53333
66 8.46667
67 19.8
68 38.6667
69 75.3333
70 120.667
71 190.667
72 274
73 243.333
74 200
75 244
76 364
77 551.333
78 786.667
79 1066.67
80 1326.67
81 1613.33
82 1893.33
83 2180
84 2433.33
85 1260
86 1280
87 1386.67
88 1560
89 1786.67
90 2013.33
91 2253.33
92 2526.67
93 2833.33
94 3120
95 2653.33
96 853.333
97 873.333
98 973.333
99 1146.67
100 1360
101 1633.33
102 1920
103 2193.33
104 2486.67
105 2766.67
106 3060
107 3373.33
108 853.333
109 866.667
110 946.667
111 1106.67
112 1313.33
113 1586.67
114 1853.33
115 2126.67
116.01 2406.67
117 2686.67
118 2953.33
119 3240
120 826.667
121 840
122 900
123 1040
124 1240
125 1480
126 1766.67
127 2040
128 2313.33
129 2580
130 2886.67
131 3153.33
132 3220
133 860
134 880
135 960
136 1120
137 1333.33
138 1606.67
139 1886.67
140 2166.67
141 2446.67
142 2706.67
143 3000
144 3280
145 1206.67
146 853.333
147 900
148 1033.33
149 1220
150 1460
151 1746.67
152 2020
153 2293.33
154 2560
155 2853.33
156 3126.67
157 3406.67
158 853.333
159 866.667
160 946.667
161 1093.33
162 1293.33
163 1560
164 1840
165 2113.33
166 2400
167 2653.33
168 2940
169 1500
170 1520
171 1613.33
172 1786.67
173 2026.67
174 2280
175 2533.33
176 2786.67
177 3040
178 3306.67
179 1706.67
180 900
181 933.333
182 1046.67
183 1226.67
184 1446.67
185 1706.67
186 1993.33
187 2253.33
188 2513.33
189 2786.67
190 713.333
191 726.667
192 780
193 920
194 1113.33
195 1380
196 1653.33
197 1920
198 2186.67
199 2453.33
200 2700
201 2966.67
202 760
203 773.333
204 860
205 1013.33
206 1226.67
207 1480
208 1760
209 2026.67
210 2293.33
211 2560
212 2820
213 3086.67
214 1853.33
215 826.667
216 846.667
217 946.667
218 1120
219 1340
220 1586.67
221 1846.67
222 2126.67
223 2413.33
224 2720
225 680
226 693.333
227 766.667
228 926.667
229 1113.33
230 1340
231 1640
232 1920
233 2173.33
234 2473.33
235 1286.67
236.01 1293.33
237 1353.33
238 1480
239 1653.33
240 1866.67
241 2093.33
242 2366.67
243 2626.67
244 2880
245 740
246 753.333
247 820
248 960
249 1160
250 1373.33
251 1640
252 1913.33
253 2180
254 2473.33
255 1313.33
256 680
257 713.333
258 820
259 1006.67
260 1240
261 1520
262 1780
263 2026.67
264 2300
265 2546.67
266 2806.67
267 1173.33
268 740
269 786.667
270 920
271 1120
272 1373.33
273 1653.33
274 1920
275 2193.33
276 2453.33
277 2720
278 2986.67
279 1280
280 780
281 826.667
282 960
283 1160
284 1400
285 1673.33
286 1946.67
287 2213.33
288 2486.67
289 2760
290 3020
291 1426.67
292 800
293 840
294 966.667
295 1160
296 1400
297 1666.67
298 1946.67
299 2213.33
300 2486.67
301 2766.67
302 3033.33
303 2333.33
304 820
305 840
306 933.333
307 1100
308 1306.67
309 1580
310 1860
311 2133.33
312 2406.67
313 2673.33
314 2953.33
315 1560
316 800
317 840
318 960
319 1146.67
320 1373.33
321 1653.33
322 1926.67
323 2200
324 2473.33
325 2746.67
326 3040
327 3313.33
328 1720
329 1733.33
330 1806.67
331 1953.33
332 2153.33
333 2373.33
334 2633.33
335 2880
336 3126.67
337 3380
338 2146.67
339 906.667
340 933.333
341 1040
342 1213.33
343 1446.67
344 1720
345 2013.33
346 2306.67
347 2600
348 2880
349 3180
350 1633.33
351 860
352 900
353 1013.33
354 1200
355 1440
356 1720
357 2006.67
358 2280
359 2566.67
360 2853.33
361 3140
362 846.667
363 820
364 873.333
365 1013.33
366 1213.33
367 1453.33
368 1733.33
369 2006.67
370 2286.67
371 2566.67
372 2853.33
373 3133.33
374 1646.67
375 833.333
376 860
377 966.667
378 1146.67
379 1346.67
380 1606.67
381 1886.67
382 2146.67
383 2446.67
384 2733.33
385 713.333
386 726.667
387 786.667
388 933.333
389 1133.33
390 1393.33
391 1666.67
392 1926.67
393 2180
394 2440
395 2700
396 2960
397 753.333
398 766.667
399 833.333
400 980
401 1193.33
402 1453.33
403 1726.67
404 1980
405 2253.33
406 2520
407 2786.67
408 3046.67
409 773.333
410 786.667
411 846.667
412 993.333
413 1200
414 1426.67
415 1700
416 1966.67
417 2240
418 2533.33
419 2066.67
420 700
421 720
422 820
423 986.667
424 1206.67
425 1486.67
426 1753.33
427 2006.67
428 2266.67
429 2520
430 2780
431 1526.67
432 1486.67
433 1526.67
434 1633.33
435 1800
436 1993.33
437 2193.33
438 2453.33
439 2720
440 2980
441 1526.67
442 1540
443 1613.33
444 1773.33
445 2000
446 2260
447 2513.33
448 2760
449 3006.67
450 3300
451 3300
452 1793.33
453 1813.33
454 1913.33
455 2080
456 2293.33
457 2553.33
458 2813.33
459 3066.67
460 3320
461 3580
462 1773.33
463 946.667
464 986.667
465 1113.33
466 1300
467 1526.67
468 1793.33
469 2053.33
470 2320
471 2586.67
472 2866.67
473 733.333
474 746.667
475 800
476 940
477 1146.67
478 1406.67
479 1680
480 1946.67
481 2206.67
482 2480
483 2740
484 3006.67
485 766.667
486 773.333
487 846.667
488 1000
489 1213.33
490 1473.33
491 1733.33
492 2013.33
493 2286.67
494 2553.33
495.01 2626.67
496 2640
497.01 2660
498.01 2666.67
499.01 2680
500.01 2686.67
