1.00 16.4
2.00 17.2
3.00 16.8
4.00 17.0
5.00 17.0
6.00 16.6
7.00 16.1
8.00 16.3
9.00 16.3
10.00 16.4
11.00 16.5
12.00 16.4
13.00 16.4
14.00 16.2
15.00 15.9
16.00 16.4
17.00 16.6
18.00 16.6
19.00 16.1
20.00 16.7
21.00 16.4
22.00 16.6
23.00 16.2
24.00 16.8
25.00 17.0
26.00 17.2
27.00 17.1
28.00 17.1
29.00 17.0
30.00 16.9
31.00 17.4
32.00 17.0
33.00 17.1
34.00 17.3
35.00 17.0
36.00 17.5
37.00 17.3
38.00 17.1
39.00 16.6
40.00 16.4
41.00 16.5
42.00 16.7
43.00 16.5
44.00 16.8
45.00 16.7
46.00 16.8
47.00 16.8
48.00 16.7
49.00 16.5
50.00 16.4
51.00 16.5
52.00 16.8
53.00 16.7
54.00 16.7
55.00 16.3
56.00 16.7
57.00 16.8
58.00 17.3
59.00 17.3
60.00 17.4
61.00 16.8
62.00 17.1
63.00 17.1
64.00 17.3
65.00 17.2
66.00 17.2
67.00 16.9
68.00 16.2
69.00 16.6
70.00 15.8
71.00 16.1
72.00 14.9
73.00 15.7
74.00 16.5
75.00 16.3
76.00 16.3
77.00 16.6
78.00 16.1
79.00 16.7
80.00 16.6
81.00 16.6
82.00 17.3
83.00 17.2
84.00 17.4
85.00 17.4
86.00 17.2
87.00 17.4
88.00 17.3
89.00 17.4
90.00 17.3
91.00 17.2
92.00 16.5
93.00 16.6
94.00 16.5
95.00 16.9
96.00 16.5
97.00 16.5
98.00 16.4
99.00 16.7
100.00 16.3
101.00 16.1
102.00 16.4
103.00 17.2
104.00 16.6
105.00 16.4
106.00 16.1
107.00 16.5
108.00 16.7
109.00 16.7
110.00 16.8
111.00 16.5
112.00 16.4
113.00 16.6
114.00 16.9
115.00 17.3
116.00 17.4
117.00 17.2
118.00 17.0
119.00 17.3
120.00 17.3
121.00 17.1
122.00 17.0
123.00 17.0
124.00 17.1
125.00 17.3
126.00 17.1
127.00 17.4
128.00 17.2
129.00 17.0
130.00 17.1
131.00 17.2
132.00 17.0
133.00 16.9
134.00 17.3
135.00 17.2
136.00 17.2
137.00 16.9
138.00 16.6
139.00 16.5
140.00 16.6
141.00 16.7
142.00 16.4
143.00 16.1
144.00 16.4
145.00 16.8
146.00 16.6
147.00 16.9
148.00 17.4
149.00 17.3
150.00 17.4
151.00 17.2
152.00 17.2
153.00 17.4
154.00 17.1
155.00 17.2
156.00 17.5
157.00 17.2
158.00 17.5
159.00 17.2
160.00 17.3
161.00 17.0
162.00 17.3
163.00 17.1
164.00 16.9
165.00 17.1
166.00 17.1
167.00 17.2
168.00 17.5
169.00 17.3
170.00 16.7
171.00 16.9
172.00 16.6
173.00 16.7
174.00 16.3
175.00 16.7
176.00 16.7
177.00 16.6
178.00 16.6
179.00 16.4
180.00 17.2
181.00 17.2
182.00 16.6
183.00 16.2
184.00 16.5
185.00 16.1
186.00 16.5
187.00 16.4
188.00 16.3
189.00 16.8
190.00 16.4
191.00 16.5
192.00 16.9
193.00 17.2
194.00 17.3
195.00 16.7
196.00 17.2
197.00 17.2
198.00 17.0
199.00 17.4
200.00 17.1
201.00 16.9
202.00 17.1
203.00 16.3
204.00 16.5
205.00 16.1
206.00 16.6
207.00 16.5
208.00 16.6
209.00 16.5
210.00 16.5
211.00 16.2
212.00 16.5
213.00 17.3
214.00 17.1
215.00 17.4
216.00 17.1
217.00 17.0
218.00 17.4
219.00 17.3
220.00 17.2
221.00 17.3
222.00 17.4
223.00 17.2
224.00 17.0
225.00 17.0
226.00 16.9
227.00 16.9
228.00 16.4
229.00 16.7
230.00 16.6
231.00 16.6
232.00 16.6
233.00 16.6
234.00 16.5
235.00 16.6
236.00 16.1
237.00 16.6
238.00 17.3
239.00 17.3
240.00 16.8
241.00 16.5
242.00 16.4
243.00 16.4
244.00 16.6
245.00 16.4
246.00 16.6
247.00 16.3
248.00 16.7
249.00 16.5
250.00 16.7
251.00 17.2
252.00 17.2
253.00 17.1
254.00 17.2
255.00 17.3
256.00 16.5
257.00 16.1
258.00 16.6
259.00 16.7
260.00 16.5
261.00 16.5
262.00 16.8
263.00 16.7
264.00 16.4
265.00 16.4
266.00 17.2
267.00 16.9
268.00 16.9
269.00 17.2
270.00 17.3
271.00 17.2
272.00 17.2
273.00 17.3
274.00 17.4
275.00 17.4
276.00 17.3
277.00 17.4
278.00 16.4
279.00 16.9
280.00 16.5
281.00 16.4
282.00 16.6
283.00 16.7
284.00 16.5
285.00 16.5
286.00 16.5
287.00 16.6
288.00 16.3
289.00 16.5
290.00 16.7
291.00 16.6
292.00 16.6
293.00 16.5
294.00 16.7
295.00 17.3
296.00 17.0
297.00 17.2
298.00 17.1
299.00 16.9
300.00 17.5
301.00 17.3
302.00 17.0
303.00 17.3
304.00 17.2
305.00 17.4
306.00 17.2
307.00 17.5
308.00 17.2
309.00 16.9
310.00 17.3
311.00 17.3
312.00 17.4
313.00 17.0
314.00 16.3
315.00 16.3
316.00 16.1
317.00 16.5
318.00 16.1
319.00 16.1
320.00 15.9
321.00 16.0
322.00 16.2
323.00 16.0
324.00 16.0
325.00 16.4
326.00 16.4
327.00 16.9
328.00 17.3
329.00 17.1
330.00 17.0
331.00 17.0
332.00 17.2
333.00 17.2
334.00 17.3
335.00 17.1
336.00 17.4
337.00 17.2
338.00 17.2
339.00 17.2
340.00 16.9
341.00 17.1
342.00 16.7
343.00 16.4
344.00 16.7
345.00 16.7
346.00 16.6
347.00 16.9
348.00 16.5
349.00 16.5
350.00 16.3
351.00 16.3
352.00 17.1
353.00 17.2
354.00 17.3
355.00 17.2
356.00 16.9
357.00 16.3
358.00 16.6
359.00 16.6
360.00 16.7
361.00 16.1
362.00 16.6
363.00 16.6
364.00 16.5
365.00 16.6
366.00 16.8
367.00 17.3
368.00 17.3
369.00 17.5
370.00 17.1
371.00 16.4
372.00 16.6
373.00 16.4
374.00 16.5
375.00 16.5
376.00 16.7
377.00 16.7
378.00 16.0
379.00 16.6
380.00 16.6
381.00 17.0
382.00 17.3
383.00 17.0
384.00 17.3
385.00 17.2
386.00 17.2
387.00 17.3
388.00 16.9
389.00 16.7
390.00 16.9
391.00 17.0
392.00 16.4
393.00 16.6
394.00 16.2
395.00 15.7
396.00 16.1
397.00 16.7
398.00 15.9
399.00 16.5
400.00 16.4
401.00 15.5
402.00 16.0
403.00 16.3
404.00 16.4
405.00 16.7
406.00 16.4
407.00 16.3
408.00 16.8
409.00 16.9
410.00 17.1
411.00 17.4
412.00 17.1
413.00 17.0
414.00 17.4
415.00 17.3
416.00 17.5
417.00 17.5
418.00 17.4
419.00 17.2
420.00 17.4
421.00 16.9
422.00 17.2
423.00 17.2
424.00 17.4
425.00 17.3
426.00 17.2
427.00 17.3
428.00 16.7
429.00 16.5
430.00 16.6
431.00 16.7
432.00 16.5
433.00 16.2
434.00 16.3
435.00 16.6
436.00 16.3
437.00 16.6
438.00 16.7
439.00 16.6
440.00 16.7
441.00 16.5
442.00 16.5
443.00 16.7
444.00 16.9
445.00 17.2
446.00 17.2
447.00 17.3
448.00 17.3
449.00 17.2
450.00 17.2
451.00 17.3
452.00 17.3
453.00 17.1
454.00 16.9
455.00 17.2
456.00 17.1
457.00 16.7
458.00 16.7
459.00 16.7
460.00 16.6
461.00 16.6
462.00 16.7
463.00 16.7
464.00 16.4
465.00 16.5
466.00 16.5
467.00 17.3
468.00 17.5
469.00 17.1
470.00 17.2
471.00 17.3
472.00 17.4
473.00 16.7
474.00 16.4
475.00 16.3
476.00 16.5
477.00 16.6
478.00 16.8
479.00 16.8
480.00 16.7
481.00 16.7
482.00 16.7
483.00 16.7
484.00 17.1
485.00 16.6
486.00 16.4
487.00 16.7
488.00 16.5
489.00 16.4
490.00 16.5
491.00 16.5
492.00 16.5
493.00 16.5
494.00 16.6
495.00 16.8
496.00 16.6
497.00 17.2
498.00 17.4
499.00 17.1
500.00 17.4
