1.00 16.4
2.00 17.2
3.00 16.9
4.00 16.9
5.00 17.1
6.00 16.5
7.00 16.4
8.00 16.5
9.00 16.9
10.00 16.5
11.00 16.2
12.00 16.6
13.00 16.5
14.00 16.2
15.00 16.6
16.00 17.2
17.00 16.6
18.00 17.2
19.00 17.1
20.00 17.3
21.00 15.3
22.00 11.4
23.00 12.5
24.00 15.2
25.00 16.1
26.00 16.5
27.00 17.1
28.00 14.5
29.00 15.2
30.00 12.6
31.00 16.5
32.00 16.1
33.00 16.6
34.00 16.5
35.00 16.6
36.00 17.0
37.00 16.7
38.00 16.7
39.00 16.6
40.00 16.7
41.00 16.9
42.00 16.9
43.00 17.2
44.00 17.3
45.00 17.1
46.00 17.3
47.00 16.8
48.00 16.7
49.00 16.6
50.00 16.6
51.00 16.8
52.00 16.6
53.00 12.5
54.00 9.09
55.00 11.8
56.00 11.6
57.00 13.8
58.00 14.0
59.00 10.3
60.00 15.6
61.00 15.5
62.00 15.2
63.00 15.6
64.00 16.8
65.00 16.3
66.00 14.5
67.00 13.0
68.00 17.0
69.00 17.4
70.00 14.7
71.00 11.8
72.00 15.0
73.00 11.6
74.00 17.0
75.00 16.9
76.00 17.0
77.00 17.1
78.00 17.0
79.00 17.0
80.00 16.4
81.00 16.6
82.00 16.0
83.00 16.3
84.00 16.5
85.00 16.6
86.00 16.6
87.00 16.4
88.00 16.5
89.00 16.4
90.00 16.5
91.00 16.5
92.00 16.5
93.00 16.3
94.00 16.7
95.00 16.8
96.00 16.6
97.00 16.9
98.00 16.9
99.00 17.0
100.00 17.3
101.00 17.1
102.00 16.7
103.00 17.1
104.00 16.6
105.00 16.6
106.00 16.8
107.00 16.4
108.00 16.8
109.00 17.0
110.00 16.2
111.00 16.7
112.00 16.6
113.00 16.5
114.00 12.8
115.00 17.2
116.00 17.1
117.00 17.3
118.00 17.3
119.00 17.2
120.00 16.3
121.00 13.7
122.00 14.7
123.00 11.7
124.00 14.5
125.00 17.1
126.00 13.3
127.00 14.4
128.00 15.6
129.00 14.9
130.00 16.6
131.00 16.9
132.00 16.8
133.00 16.6
134.00 16.9
135.00 16.4
136.00 16.6
137.00 16.6
138.00 16.7
139.00 17.1
140.00 17.4
141.00 17.3
142.00 17.2
143.00 16.8
144.00 17.0
145.00 16.9
146.00 17.3
147.00 17.3
148.00 17.1
149.00 17.3
150.00 17.1
151.00 17.0
152.00 17.1
153.00 16.8
154.00 16.8
155.00 16.2
156.00 16.5
157.00 16.3
158.00 16.9
159.00 16.6
160.00 16.9
161.00 16.7
162.00 16.6
163.00 16.4
164.00 17.2
165.00 17.2
166.00 17.2
167.00 17.1
168.00 17.3
169.00 17.3
170.00 16.3
171.00 14.9
172.00 16.4
173.00 16.6
174.00 16.7
175.00 16.3
176.00 16.6
177.00 16.7
178.00 16.6
179.00 16.7
180.00 16.6
181.00 16.7
182.00 16.5
183.00 16.5
184.00 16.7
185.00 16.7
186.00 16.6
187.00 16.5
188.00 16.9
189.00 17.0
190.00 17.2
191.00 16.9
192.00 17.2
193.00 17.4
194.00 17.2
195.00 17.1
196.00 17.0
197.00 17.2
198.00 17.3
199.00 17.2
200.00 17.2
201.00 17.0
202.00 17.3
203.00 16.3
204.00 16.7
205.00 16.7
206.00 16.5
207.00 16.3
208.00 16.7
209.00 16.6
210.00 16.8
211.00 16.8
212.00 16.7
213.00 16.7
214.00 16.7
215.00 16.5
216.00 16.5
217.00 16.6
218.00 16.6
219.00 16.7
220.00 16.7
221.00 17.2
222.00 17.0
223.00 16.9
224.00 17.2
225.00 17.0
226.00 17.1
227.00 16.3
228.00 16.4
229.00 13.8
230.00 13.8
231.00 15.3
232.00 16.0
233.00 14.3
234.01 11.2
235.00 13.4
236.00 16.5
237.00 17.0
238.00 16.9
239.00 16.9
240.00 17.3
241.00 17.2
242.00 13.8
243.00 10.5
244.00 12.7
245.00 11.5
246.00 11.3
247.00 12.5
248.00 12.2
249.00 13.3
250.00 12.3
251.00 12.1
252.00 15.0
253.00 15.6
254.00 14.6
255.00 12.9
256.00 10.9
257.01 11.6
258.00 13.3
259.00 13.8
260.00 11.3
261.00 11.3
262.00 12.8
263.00 13.4
264.00 15.6
265.00 14.0
266.00 15.7
267.00 14.5
268.01 12.7
269.00 15.2
270.00 13.0
271.00 12.5
272.00 13.3
273.00 12.2
274.00 15.2
275.00 16.3
276.00 16.4
277.00 16.0
278.00 16.3
279.00 15.7
280.00 16.5
281.00 16.5
282.00 12.5
283.00 16.6
284.00 12.9
285.00 16.3
286.00 15.9
287.00 14.9
288.00 12.4
289.00 10.6
290.00 13.7
291.00 15.4
292.00 14.2
293.00 12.6
294.00 15.4
295.00 13.4
296.00 11.9
297.00 10.8
298.00 12.9
299.00 14.9
300.00 12.7
301.00 12.2
302.00 10.3
303.00 14.6
304.00 13.6
305.00 16.7
306.00 16.6
307.00 16.2
308.00 15.9
309.00 14.7
310.00 11.8
311.00 10.6
312.00 10.7
313.00 10.8
314.00 16.0
315.00 16.3
316.00 12.8
317.00 13.4
318.00 12.9
319.00 13.1
320.00 13.2
321.00 12.8
322.00 16.8
323.00 16.8
324.00 17.0
325.00 17.3
326.00 17.2
327.00 16.8
328.00 17.1
329.00 17.0
330.00 17.4
331.00 16.6
332.00 14.0
333.00 17.2
334.00 16.2
335.00 16.5
336.00 16.7
337.00 16.8
338.00 17.1
339.00 17.2
340.00 17.3
341.00 16.7
342.00 17.3
343.00 17.4
344.00 15.5
345.00 17.3
346.01 16.3
347.00 13.8
348.00 17.4
349.00 17.4
350.00 16.7
351.00 16.2
352.00 16.7
353.00 17.1
354.00 17.0
355.00 17.1
356.00 16.9
357.00 16.9
358.00 17.2
359.00 17.0
360.00 17.0
361.00 17.1
362.00 16.4
363.00 16.8
364.00 17.1
365.00 17.1
366.00 17.1
367.00 17.4
368.00 17.1
369.00 17.2
370.00 17.6
371.00 17.3
372.00 17.2
373.00 17.2
374.00 17.1
375.00 17.3
376.00 17.5
377.00 17.4
378.00 17.5
379.00 17.4
380.00 17.1
381.00 17.5
382.00 17.5
383.00 17.2
384.01 17.2
385.00 17.4
386.00 17.1
387.00 17.7
388.00 17.5
389.00 17.3
390.00 17.5
391.00 17.3
392.00 17.0
393.00 17.4
394.00 17.4
395.00 17.4
396.00 17.4
397.00 17.2
398.00 17.0
399.00 17.3
400.00 17.0
401.00 17.0
402.00 15.5
403.00 16.8
404.00 16.7
405.00 17.1
406.00 17.0
407.00 17.0
408.00 17.1
409.00 16.9
410.00 17.1
411.00 17.4
412.00 17.2
413.00 17.4
414.00 17.0
415.00 17.1
416.00 17.2
417.00 17.5
418.00 17.3
419.00 17.4
420.00 17.3
421.00 17.2
422.00 17.2
423.00 17.5
424.00 17.1
425.00 17.2
426.00 17.2
427.00 17.0
428.00 17.4
429.00 17.5
430.00 17.3
431.00 17.4
432.00 17.2
433.00 16.9
434.00 17.4
435.00 17.3
436.00 17.3
437.00 17.4
438.00 17.2
439.00 17.0
440.00 17.6
441.00 17.3
442.00 17.0
443.00 17.0
444.00 16.8
445.00 16.2
446.00 17.1
447.00 17.0
448.00 17.0
449.00 17.0
450.00 16.7
451.00 16.8
452.00 17.1
453.00 17.1
454.00 17.0
455.00 16.8
456.00 16.9
457.00 17.1
458.00 17.5
459.00 17.0
460.00 15.9
461.00 17.3
462.00 17.0
463.00 17.1
464.00 17.5
465.00 17.0
466.00 17.1
467.00 17.3
468.00 17.1
469.00 17.2
470.00 17.6
471.00 17.1
472.00 17.1
473.00 17.3
474.00 17.1
475.00 17.4
476.00 17.2
477.00 17.4
478.00 17.5
479.00 17.2
480.00 17.1
481.00 17.4
482.00 17.5
483.00 17.4
484.00 17.4
485.00 16.8
486.00 16.5
487.00 17.3
488.00 17.3
489.00 16.9
490.00 17.0
491.00 16.8
492.00 16.7
493.00 17.1
494.00 17.1
495.00 16.9
496.00 16.9
497.00 16.4
498.00 16.8
499.00 17.1
500.00 17.1
500.02 16.2
