1.01 130
2.00 5533.33
3.00 10666.7
4.00 10666.7
5.00 10666.7
6.00 10666.7
7.00 10666.7
8.00 10666.7
9.00 10666.7
10.00 10666.7
11.00 10666.7
12.00 10666.7
13.00 10666.7
14.00 10666.7
15.00 10666.7
16.00 10666.7
17.00 10666.7
18.01 10666.7
19.00 10666.7
20.00 10666.7
21.00 10666.7
22.00 10666.7
23.00 10666.7
24.00 10666.7
25.00 10666.7
26.00 10666.7
27.00 10666.7
28.00 10666.7
29.00 10666.7
30.00 10666.7
31.00 10666.7
32.00 10666.7
33.00 10666.7
34.00 10666.7
35.00 10666.7
36.00 10666.7
37.00 10666.7
38.00 10666.7
39.00 10666.7
40.00 10666.7
41.00 10666.7
42.00 10666.7
43.00 10666.7
44.00 10666.7
45.00 10666.7
46.00 10666.7
47.00 10666.7
48.00 10666.7
49.00 10666.7
50.00 10666.7
51.00 10666.7
52.00 10666.7
53.00 10666.7
54.00 10666.7
55.00 10666.7
56.00 10666.7
57.00 10666.7
58.00 10666.7
59.00 10666.7
60.00 10666.7
61.00 10666.7
62.00 10666.7
63.02 10666.7
64.01 10666.7
65.01 10666.7
66.00 1000
67.00 5333.33
68.00 2666.67
69.00 2673.33
70.00 2680
71.00 2686.67
72.00 2693.33
73.00 2693.33
74.00 2700
75.00 2706.67
76.00 2713.33
77.00 2720
78.00 2720
79.00 2726.67
80.00 2733.33
81.00 2740
82.00 2746.67
83.00 2746.67
84.00 2753.33
85.00 2760
86.00 2766.67
87.00 2773.33
88.00 2773.33
89.00 2780
90.00 2786.67
91.00 2793.33
92.00 2793.33
93.00 2800
94.00 2806.67
95.00 2813.33
96.00 2813.33
97.00 2820
98.00 2826.67
99.00 2833.33
100.00 2833.33
101.00 2840
102.00 2846.67
103.00 2853.33
104.00 2853.33
105.00 2860
106.00 2866.67
107.00 2873.33
108.00 2873.33
109.00 2880
110.00 2886.67
111.00 2893.33
112.00 2893.33
113.00 2900
114.00 2906.67
115.00 2913.33
116.00 2913.33
117.00 2920
118.00 2926.67
119.00 2926.67
120.00 2933.33
121.00 2940
122.00 2940
123.00 2946.67
124.00 2953.33
125.00 2960
126.00 2960
127.00 2966.67
128.00 2973.33
129.00 2973.33
130.00 2980
131.00 2986.67
132.00 2986.67
133.00 2993.33
134.00 3000
135.00 3000
136.00 3006.67
137.00 3013.33
138.00 3013.33
139.00 3020
140.00 3026.67
141.00 3026.67
142.00 3033.33
143.00 3040
144.00 3046.67
145.00 3046.67
146.00 3053.33
147.00 3053.33
148.00 3060
149.00 3066.67
150.00 3073.33
151.00 3073.33
152.00 3080
153.00 3080
154.00 3086.67
155.00 3093.33
156.00 3093.33
157.00 3100
158.00 3106.67
159.00 3106.67
160.00 3113.33
161.00 3120
162.00 3120
163.00 3126.67
164.00 3133.33
165.00 3133.33
166.00 3140
167.00 3146.67
168.00 3146.67
169.00 3153.33
170.00 3153.33
171.00 3160
172.00 3166.67
173.00 3166.67
174.00 3173.33
175.00 3180
176.00 3180
177.00 3186.67
178.00 3186.67
179.00 3193.33
180.00 3200
181.00 3200
182.00 3206.67
183.00 3213.33
184.00 3213.33
185.00 3220
186.00 3220
187.00 3226.67
188.00 3233.33
189.00 3233.33
190.00 3240
191.00 3240
192.00 3246.67
193.00 3253.33
194.00 3253.33
195.00 3260
196.00 3266.67
197.00 3266.67
198.01 3273.33
199.00 3273.33
200.00 3280
201.00 3280
202.00 3286.67
203.00 3293.33
204.00 3293.33
205.00 3300
206.00 3300
207.00 3306.67
208.00 3313.33
209.00 3313.33
210.00 3320
211.00 3320
212.00 3326.67
213.00 3333.33
214.00 3333.33
215.00 3340
216.00 3340
217.00 3346.67
218.00 3353.33
219.00 3353.33
220.00 3360
221.00 3360
222.00 3366.67
223.00 3366.67
224.00 3373.33
225.00 3380
226.00 3380
227.00 3386.67
228.00 3386.67
229.00 3393.33
230.00 3393.33
231.00 3400
232.00 3406.67
233.00 3406.67
234.00 3413.33
235.00 3413.33
236.00 3420
237.00 3420
238.00 3426.67
239.00 3426.67
240.00 3433.33
241.00 3440
242.00 3440
243.00 3446.67
244.00 3446.67
245.00 3453.33
246.00 3453.33
247.00 3460
248.00 3466.67
249.00 3466.67
250.00 3473.33
251.00 3473.33
252.00 3480
253.00 3480
254.00 3486.67
255.00 3486.67
256.00 3493.33
257.00 3493.33
258.00 3500
259.00 3500
260.00 3506.67
261.00 3513.33
262.00 3513.33
263.00 3520
264.00 3520
265.00 3526.67
266.00 3526.67
267.00 3533.33
268.00 3533.33
269.00 3540
270.00 3540
271.00 3546.67
272.00 3546.67
273.00 3553.33
274.00 3553.33
275.00 3560
276.00 3566.67
277.00 3566.67
278.00 3573.33
279.00 3573.33
280.00 3580
281.00 3580
282.00 3586.67
283.00 3586.67
284.00 3593.33
285.00 3593.33
286.00 3600
287.00 3600
288.00 3606.67
289.00 3606.67
290.00 3613.33
291.00 3613.33
292.00 3620
293.00 3620
294.00 3626.67
295.00 3626.67
296.00 3633.33
297.00 3633.33
298.00 3640
299.00 3646.67
300.00 3646.67
301.00 3653.33
302.00 3653.33
303.00 3660
304.00 3660
305.00 3666.67
306.00 3666.67
307.00 3673.33
308.00 3673.33
309.00 3680
310.00 3680
311.00 1840
312.00 1846.67
313.00 1853.33
314.00 1860
315.00 1860
316.00 1866.67
317.00 1873.33
318.00 1880
319.00 1886.67
320.00 1893.33
321.00 1900
322.00 1900
323.00 1906.67
324.00 1913.33
325.00 1920
326.00 1926.67
327.00 1933.33
328.00 1933.33
329.00 1940
330.00 1946.67
331.00 1953.33
332.00 1960
333.00 1966.67
334.00 1973.33
335.00 1973.33
336.00 1980
337.00 1986.67
338.00 1993.33
339.00 2000
340.00 2000
341.00 2006.67
342.00 2013.33
343.00 2020
344.00 2026.67
345.00 2033.33
346.00 2040
347.00 2040
348.00 2046.67
349.00 2053.33
350.00 2060
351.00 2066.67
352.00 2073.33
353.00 2073.33
354.00 2080
355.00 2086.67
356.00 2093.33
357.00 2100
358.00 2106.67
359.00 2106.67
360.00 2113.33
361.00 2120
362.00 2126.67
363.00 2133.33
364.00 2140
365.00 2140
366.00 2146.67
367.00 2153.33
368.00 2160
369.00 2166.67
370.00 2166.67
371.00 2173.33
372.00 2180
373.00 2186.67
374.00 2193.33
375.00 2193.33
376.00 2200
377.00 2206.67
378.00 2213.33
379.00 2213.33
380.00 2220
381.00 2226.67
382.00 2233.33
383.00 2233.33
384.00 2240
385.00 2246.67
386.00 2253.33
387.00 2253.33
388.00 2260
389.00 2266.67
390.00 2273.33
391.00 2280
392.00 2280
393.00 2286.67
394.00 2293.33
395.00 2293.33
396.00 2300
397.00 2306.67
398.00 2313.33
399.00 2313.33
400.00 2320
401.00 2326.67
402.00 2333.33
403.00 2333.33
404.00 2340
405.00 2346.67
406.00 2346.67
407.00 2353.33
408.00 2360
409.00 2366.67
410.00 2366.67
411.00 2373.33
412.00 2380
413.00 2386.67
414.00 2386.67
415.00 2393.33
416.00 2393.33
417.00 2400
418.00 2406.67
419.00 2413.33
420.00 2413.33
421.00 2420
422.00 2426.67
423.00 2426.67
424.00 2433.33
425.00 2440
426.00 2440
427.00 2446.67
428.00 2453.33
429.00 2453.33
430.00 2460
431.00 2466.67
432.00 2466.67
433.00 2473.33
434.00 2480
435.00 2480
436.00 2486.67
437.00 2493.33
438.00 2493.33
439.00 2500
440.00 2506.67
441.00 2506.67
442.00 2513.33
443.00 2520
444.00 2520
445.00 2526.67
446.00 2533.33
447.00 2533.33
448.00 2540
449.00 2546.67
450.00 2546.67
451.00 2553.33
452.00 2553.33
453.00 2560
454.00 2566.67
455.00 2566.67
456.00 2573.33
457.00 2580
458.00 2580
459.00 2586.67
460.00 2593.33
461.00 2593.33
462.00 2600
463.00 2606.67
464.00 2606.67
465.00 2613.33
466.00 2613.33
467.00 2620
468.00 2620
469.00 2626.67
470.00 2633.33
471.00 2633.33
472.00 2640
473.00 2646.67
474.00 2646.67
475.00 2653.33
476.00 2653.33
477.00 2660
478.00 2666.67
479.00 2666.67
480.00 2673.33
481.00 2673.33
482.00 2680
483.00 2686.67
484.00 2686.67
485.00 2693.33
486.00 2693.33
487.00 2700
488.00 2706.67
489.00 2706.67
490.00 2713.33
491.00 2720
492.00 2720
493.00 2726.67
494.00 2726.67
495.00 2733.33
496.00 2740
497.00 2740
498.00 2746.67
499.00 2746.67
500.00 2753.33
