1.00 16.7
2.00 17.2
3.00 16.8
4.00 17.0
5.00 17.0
6.00 16.5
7.00 16.5
8.00 16.6
9.00 16.3
10.00 16.4
11.00 16.6
12.00 16.6
13.00 16.7
14.00 16.6
15.00 16.5
16.00 16.9
17.00 17.0
18.00 17.1
19.00 17.3
20.00 17.1
21.00 17.0
22.00 17.1
23.00 17.1
24.00 16.9
25.00 17.2
26.00 17.1
27.00 16.9
28.00 17.0
29.00 17.1
30.00 17.2
31.00 17.2
32.00 17.0
33.00 17.3
34.00 16.8
35.00 16.7
36.00 16.5
37.00 16.7
38.00 16.6
39.00 16.7
40.00 16.8
41.00 16.9
42.00 16.8
43.00 16.8
44.00 17.0
45.00 17.3
46.00 17.3
47.00 16.8
48.00 16.3
49.00 16.9
50.00 16.7
51.00 17.0
52.00 16.9
53.00 16.8
54.01 16.9
55.00 16.3
56.00 15.5
57.00 16.8
58.00 17.4
59.00 17.2
60.00 17.3
61.00 17.1
62.00 17.3
63.00 16.7
64.00 16.9
65.00 16.4
66.00 16.6
67.00 16.6
68.00 16.9
69.00 16.7
70.00 16.7
71.00 16.8
72.00 16.6
73.00 16.7
74.00 17.0
75.00 16.8
76.00 16.8
77.00 17.0
78.00 17.1
79.00 17.2
80.00 17.3
81.00 17.2
82.00 17.1
83.00 17.1
84.00 17.2
85.00 17.0
86.00 16.9
87.00 17.1
88.00 16.7
89.00 16.6
90.00 16.6
91.00 16.7
92.00 16.6
93.00 16.4
94.00 16.7
95.00 16.6
96.00 16.1
97.00 16.8
98.00 16.5
99.00 16.5
100.00 16.4
101.00 16.5
102.00 17.2
103.00 17.2
104.00 17.3
105.00 17.1
106.00 16.6
107.00 16.9
108.00 17.0
109.00 17.1
110.00 17.2
111.00 17.0
112.00 17.1
113.00 16.9
114.00 15.3
115.00 17.2
116.00 17.3
117.00 16.8
118.00 17.3
119.00 17.3
120.00 17.1
121.00 16.9
122.00 16.8
123.00 16.7
124.00 16.7
125.00 16.9
126.00 16.7
127.00 16.6
128.00 16.4
129.00 16.8
130.00 16.7
131.00 16.8
132.00 16.7
133.00 16.7
134.00 16.6
135.00 16.5
136.00 16.8
137.00 16.5
138.00 16.6
139.00 17.1
140.00 17.3
141.00 17.3
142.00 17.1
143.00 17.4
144.00 17.3
145.00 17.4
146.00 17.2
147.00 17.3
148.00 17.0
149.00 16.9
150.00 16.6
151.00 16.7
152.00 16.7
153.00 16.8
154.00 16.6
155.00 17.0
156.00 16.7
157.00 16.8
158.00 16.3
159.00 16.8
160.00 16.9
161.00 17.0
162.00 16.3
163.00 16.2
164.00 16.4
165.00 16.4
166.00 16.5
167.00 16.6
168.00 16.2
169.00 16.5
170.00 16.3
171.00 15.1
172.00 16.7
173.00 16.6
174.00 16.5
175.00 16.9
176.00 16.6
177.00 16.7
178.00 16.7
179.00 16.4
180.00 16.7
181.00 17.0
182.00 17.2
183.00 17.2
184.00 17.2
185.00 17.0
186.00 17.3
187.00 17.2
188.00 17.2
189.00 17.1
190.00 17.1
191.00 16.9
192.00 16.9
193.00 16.9
194.00 16.9
195.00 16.8
196.00 16.6
197.00 16.9
198.00 16.8
199.00 16.4
200.00 16.4
201.00 16.5
202.00 16.9
203.00 16.6
204.00 16.8
205.00 16.8
206.00 16.7
207.00 16.1
208.00 12.5
209.00 10.7
210.00 11.3
211.00 14.2
212.00 16.4
213.00 16.3
214.00 16.6
215.00 16.4
216.00 16.4
217.00 16.6
218.00 16.0
219.00 16.4
220.00 16.2
221.00 16.5
222.00 16.4
223.00 16.9
224.00 17.1
225.00 17.1
226.00 17.0
227.00 16.7
228.00 16.6
229.00 15.5
230.00 17.0
231.00 16.9
232.00 17.3
233.00 17.1
234.00 16.4
235.00 16.3
236.00 16.4
237.00 16.3
238.00 16.3
239.00 16.3
240.00 16.3
241.00 16.0
242.00 16.4
243.00 16.3
244.00 16.3
245.00 15.8
246.00 16.5
247.00 16.3
248.00 16.3
249.00 16.4
250.00 16.5
251.00 16.0
252.00 16.5
253.00 16.7
254.00 17.1
255.00 16.2
256.00 16.4
257.00 16.1
258.00 16.3
259.00 16.5
260.00 16.3
261.00 16.2
262.00 16.3
263.00 16.1
264.00 16.2
265.00 16.8
266.00 17.0
267.00 16.8
268.00 17.1
269.00 17.0
270.00 17.0
271.00 16.8
272.00 16.9
273.00 17.0
274.00 17.2
275.00 17.0
276.00 16.6
277.00 16.4
278.00 16.2
279.00 16.3
280.00 16.4
281.00 16.4
282.00 16.1
283.00 16.6
284.00 16.2
285.00 16.1
286.00 16.2
287.00 15.2
288.00 16.3
289.00 16.4
290.00 16.7
291.00 16.7
292.00 16.5
293.00 16.6
294.00 16.6
295.00 16.9
296.00 17.1
297.00 16.5
298.00 16.6
299.00 16.5
300.00 16.9
301.00 16.7
302.00 16.4
303.00 16.3
304.00 16.6
305.00 16.4
306.00 16.7
307.00 16.9
308.00 17.1
309.00 17.0
310.00 17.1
311.00 17.0
312.00 17.2
313.00 16.8
314.00 17.1
315.00 17.1
316.00 17.2
317.00 17.3
318.00 16.3
319.00 16.6
320.00 16.6
321.00 16.7
322.00 16.8
323.00 16.4
324.00 16.4
325.00 16.4
326.00 16.5
327.00 16.9
328.00 16.4
329.00 16.7
330.00 16.7
331.00 16.7
332.00 17.1
333.00 16.9
334.00 16.5
335.00 16.9
336.00 17.1
337.00 17.2
338.00 17.0
339.00 16.6
340.00 16.6
341.00 16.4
342.00 16.6
343.00 16.4
344.00 14.7
345.00 16.5
346.00 16.8
347.00 16.6
348.00 16.2
349.00 17.3
350.00 17.1
351.00 17.2
352.00 17.0
353.00 17.1
354.00 17.1
355.00 16.9
356.00 17.0
357.00 17.1
358.00 17.1
359.00 17.0
360.00 16.3
361.00 16.5
362.00 16.5
363.00 16.5
364.00 16.5
365.00 16.3
366.00 16.4
367.00 16.5
368.00 16.5
369.00 16.6
370.00 16.5
371.00 16.8
372.00 16.5
373.00 16.5
374.00 16.5
375.00 16.3
376.00 16.4
377.00 17.1
378.00 17.0
379.00 17.0
380.00 17.2
381.00 16.5
382.00 16.6
383.00 16.7
384.00 16.5
385.00 16.1
386.00 16.6
387.00 16.7
388.00 16.7
389.00 16.3
390.00 16.7
391.00 16.9
392.00 17.2
393.00 16.9
394.00 17.1
395.00 17.1
396.00 17.0
397.00 17.0
398.00 17.1
399.00 17.2
400.00 17.2
401.00 17.0
402.00 15.2
403.00 16.6
404.00 16.6
405.00 16.6
406.00 16.1
407.00 16.4
408.00 16.2
409.00 16.3
410.00 16.6
411.00 16.6
412.00 16.8
413.00 16.7
414.00 16.7
415.00 16.8
416.00 16.6
417.00 16.7
418.00 17.1
419.00 17.2
420.00 17.2
421.00 17.2
422.00 17.1
423.00 16.5
424.00 16.7
425.00 16.4
426.00 16.4
427.00 16.5
428.00 16.6
429.00 16.3
430.00 16.6
431.00 16.6
432.00 16.6
433.00 17.0
434.00 17.3
435.00 17.0
436.00 17.3
437.00 16.9
438.00 17.0
439.00 17.0
440.00 17.0
441.00 17.2
442.00 17.1
443.00 17.1
444.00 16.8
445.00 16.7
446.00 17.0
447.00 16.3
448.00 16.7
449.00 16.7
450.00 16.7
451.00 16.5
452.00 16.6
453.00 16.7
454.00 16.5
455.00 16.6
456.00 16.7
457.00 16.6
458.00 16.5
459.00 16.4
460.00 15.4
461.00 16.6
462.00 16.7
463.00 16.8
464.00 17.0
465.00 16.2
466.00 16.3
467.00 16.0
468.00 15.8
469.00 16.6
470.00 16.1
471.00 16.4
472.00 16.3
473.00 16.7
474.00 16.6
475.00 16.9
476.00 17.1
477.00 17.2
478.00 17.0
479.00 17.0
480.00 17.2
481.00 17.3
482.00 17.2
483.00 17.0
484.00 16.9
485.00 17.0
486.00 17.2
487.00 16.6
488.00 16.4
489.00 16.4
490.00 16.5
491.00 16.5
492.00 16.4
493.00 16.7
494.00 16.7
495.00 16.6
496.00 16.6
497.00 16.7
498.00 16.6
499.00 16.6
500.00 16.7
500.03 16.1
