63 9.4
64 130
65 648.667
66 420.667
67 426
68 432
69 437.333
70 443.333
71 448.667
72 454.667
73 460
74 466
75 470.667
76 476
77 482
78 486.667
79 492
80 498
81 502.667
82 508
83 514
84 519.333
85 524
86 530
87 535.333
88 540
89 546
90 551.333
91 556
92 562
93 567.333
94 572
95 578
96 582.667
97 588
98 592.667
99 598
100 603.333
101 608
102 612.667
103 618.667
104 623.333
105 628.667
106 633.333
107 638
108 644
109 648.667
110 653.333
111 658.667
112 664
113 668.667
114 673.333
115 678
116 682.667
117 673.333
118 673.333
119 680
120 686.667
121 693.333
122 693.333
123 700
124 706.667
125 706.667
126 713.333
127 720
128 726.667
129 726.667
130 733.333
131 733.333
132 740
133 746.667
134 746.667
135 753.333
136 760
137 760
138 766.667
139 773.333
140 780
141 780
142 786.667
143 786.667
144 793.333
145 800
146 806.667
147 806.667
148 813.333
149 813.333
150 820
151 826.667
152 833.333
153 833.333
154 840
155 840
156 846.667
157 853.333
158 853.333
159 860
160 866.667
161 866.667
162 873.333
163 880
164 880
165 886.667
166 893.333
167 893.333
168 900
169 900
170 906.667
171 913.333
172 913.333
173 920
174 926.667
175 926.667
176 933.333
177 933.333
178 940
179 946.667
180 946.667
181 953.333
182 953.333
183 960
184 966.667
185 966.667
186 973.333
187 980
188 980
189 986.667
190 986.667
191 993.333
192 1000
193 1000
194 1006.67
195 1006.67
196 1013.33
197 1020
198 1020
199 1026.67
200 1026.67
201 1033.33
202 1040
203 1040
204 1046.67
205 1046.67
206 1053.33
207 1060
208 1060
209 1066.67
210 1066.67
211 1073.33
212 1073.33
213 1080
214 1086.67
215 1086.67
216 1093.33
217 1093.33
218 1100
219 1106.67
220 1106.67
221 1113.33
222 1113.33
223 1120
224 1120
225 1126.67
226 1133.33
227 1133.33
228 1140
229 1140
230 1146.67
231 1146.67
232 1153.33
233 1160
234 1160
235 1166.67
236 1166.67
237 1173.33
238 1173.33
239 1180
240 1180
241 1186.67
242 1193.33
243 1193.33
244 1200
245 1200
246 1206.67
247 1206.67
248 1213.33
249 1213.33
250 1220
251 1226.67
252 1226.67
253 1233.33
254 1233.33
255 1240
256.01 1240
257 1246.67
258 1246.67
259 1253.33
260 1253.33
261 1260
262 1260
263 1266.67
264 1273.33
265 1273.33
266 1280
267 1280
268 1286.67
269 1286.67
270 1293.33
271 1293.33
272 1300
273 1300
274 1306.67
275 1306.67
276 1313.33
277 1313.33
278 1320
279 1320
280 1326.67
281 1333.33
282 1333.33
283 1340
284 1340
285 1346.67
286 1346.67
287 1353.33
288 1353.33
289 1360
290 1360
291 1366.67
292 1366.67
293 1373.33
294 1373.33
295 1380
296 1380
297 1386.67
298 1386.67
299 1393.33
300 1393.33
301 1400
302 1400
303 1406.67
304 1406.67
305 1413.33
306 1413.33
307 1420
308 1420
309 713.333
310 720
311 726.667
312 733.333
313 740
314 740
315 746.667
316 753.333
317 760
318 766.667
319 773.333
320 773.333
321 780
322 786.667
323 793.333
324 800
325 806.667
326 806.667
327 813.333
328 820
329 826.667
330 833.333
331 840
332 840
333 846.667
334 853.333
335 860
336 866.667
337 873.333
338 880
339 880
340 886.667
341 893.333
342 900
343 906.667
344 913.333
345 913.333
346 920
347 926.667
348 933.333
349 940
350 946.667
351 953.333
352 953.333
353 960
354 966.667
355 973.333
356 980
357 980
358 986.667
359 993.333
360 1000
361 1006.67
362 1006.67
363 1013.33
364 1020
365 1026.67
366 1033.33
367 1033.33
368 1040
369 1046.67
370 1053.33
371 1060
372 1060
373 1066.67
374 1073.33
375 1080
376 1086.67
377 1086.67
378 1093.33
379 1100
380 1106.67
381 1106.67
382 1113.33
383 1120
384 1126.67
385 1126.67
386 1133.33
387 1140
388 1146.67
389 1146.67
390 1153.33
391 1160
392 1166.67
393 1173.33
394 1173.33
395 1180
396 1186.67
397 1186.67
398 1193.33
399 1200
400 1206.67
401 1206.67
402 1213.33
403 1220
404 1226.67
405 1226.67
406 1233.33
407 1240
408 1240
409 1246.67
410 1253.33
411 1253.33
412 1260
413 1266.67
414 1266.67
415 1273.33
416 1280
417 1286.67
418 1286.67
419 1293.33
420 1300
421 1300
422 1306.67
423 1313.33
424 1313.33
425 1320
426 1326.67
427 1326.67
428 1333.33
429 1340
430 1340
431 1346.67
432 1353.33
433 1353.33
434 1360
435 1366.67
436.01 1366.67
437 1373.33
438 1380
439 1380
440 1386.67
441 1393.33
442 1393.33
443 1400
444 1406.67
445 1406.67
446 1413.33
447 1420
448 1420
449 1426.67
450 1426.67
451 1433.33
452 1440
453 1440
454 1446.67
455 1453.33
456 1453.33
457 1460
458 1466.67
459 1466.67
460 1473.33
461 1473.33
462 1480
463 1486.67
464 1486.67
465 1493.33
466 1500
467 1500
468 1506.67
469 1506.67
470 1513.33
471 1520
472 1520
473 1526.67
474 1533.33
475 1533.33
476 1540
477 1540
478 1546.67
479 1553.33
480 1553.33
481 1560
482 1560
483 1566.67
484 1566.67
485 1573.33
486 1580
487 1580
488 1586.67
489 1586.67
490 1593.33
491 1600
492 1600
493 1606.67
494 1613.33
495 1613.33
496.01 1620
497 1620
498.02 1626.67
499.01 1626.67
500 813.333
