1.00 37.7333
2.00 301.333
3.00 2273.33
4.00 9733.33
5.00 21333.3
6.00 21333.3
7.00 21333.3
8.00 21333.3
9.00 21333.3
10.00 21333.3
11.01 21333.3
12.00 21333.3
13.00 21333.3
14.00 21333.3
15.00 21333.3
16.00 21333.3
17.01 21333.3
18.00 21333.3
19.00 21333.3
20.00 21333.3
21.00 21333.3
22.00 21333.3
23.00 21333.3
24.00 21333.3
25.00 21333.3
26.00 21333.3
27.00 21333.3
28.00 21333.3
29.00 21333.3
30.00 21333.3
31.00 21333.3
32.00 21333.3
33.00 21333.3
34.00 21333.3
35.00 21333.3
36.00 21333.3
37.00 21333.3
38.00 21333.3
39.00 21333.3
40.00 21333.3
41.00 21333.3
42.00 21333.3
43.00 21333.3
44.00 21333.3
45.00 21333.3
46.00 21333.3
47.00 21333.3
48.00 21333.3
49.00 21333.3
50.00 21333.3
51.00 21333.3
52.00 21333.3
53.00 21333.3
54.00 21333.3
55.00 21333.3
56.00 21333.3
57.00 21333.3
58.00 21333.3
59.00 21333.3
60.00 21333.3
61.00 21333.3
62.00 21333.3
63.00 21333.3
64.00 21333.3
65.00 21333.3
66.00 21333.3
67.00 21333.3
68.00 21333.3
69.00 3373.33
70.00 10666.7
71.00 10666.7
72.00 10666.7
73.00 5333.33
74.00 5340
75.00 5340
76.00 5340
77.00 5346.67
78.00 5346.67
79.00 5346.67
80.00 5353.33
81.00 5353.33
82.00 5360
83.00 5360
84.00 5360
85.00 5366.67
86.00 5366.67
87.00 5373.33
88.00 5373.33
89.00 5373.33
90.00 5380
91.00 5380
92.00 5386.67
93.00 5386.67
94.00 5386.67
95.00 5393.33
96.00 5393.33
97.00 5393.33
98.00 5400
99.00 5400
100.00 5406.67
101.00 5406.67
102.00 5406.67
103.00 5413.33
104.00 5413.33
105.00 5420
106.00 5420
107.00 5420
108.00 5426.67
109.00 5426.67
110.00 5433.33
111.00 5433.33
112.00 5433.33
113.00 5440
114.00 5440
115.00 5446.67
116.00 5446.67
117.00 5446.67
118.00 5453.33
119.00 5453.33
120.00 5453.33
121.00 5460
122.00 5460
123.00 5466.67
124.00 5466.67
125.00 5466.67
126.00 5473.33
127.00 5473.33
128.00 5480
129.00 5480
130.00 5480
131.00 5486.67
132.00 5486.67
133.00 5486.67
134.00 5493.33
135.00 5493.33
136.00 5493.33
137.00 5500
138.00 5500
139.00 5500
140.00 5506.67
141.00 5506.67
142.00 5506.67
143.00 5513.33
144.00 5513.33
145.00 5520
146.00 5520
147.00 5520
148.00 5526.67
149.00 5526.67
150.00 5533.33
151.00 5533.33
152.00 5533.33
153.00 5540
154.00 5540
155.00 5540
156.00 5546.67
157.00 5546.67
158.00 5553.33
159.00 5553.33
160.00 5553.33
161.00 5560
162.00 5560
163.00 5560
164.00 5566.67
165.00 5566.67
166.00 5573.33
167.00 5573.33
168.00 5573.33
169.00 5580
170.00 5580
171.00 5586.67
172.00 5586.67
173.00 5586.67
174.00 5593.33
175.00 5593.33
176.00 5593.33
177.00 5600
178.00 5600
179.00 5600
180.00 5606.67
181.00 5606.67
182.00 5613.33
183.00 5613.33
184.00 5613.33
185.00 5620
186.00 5620
187.00 5620
188.00 5626.67
189.00 5626.67
190.00 5633.33
191.00 5633.33
192.00 5633.33
193.00 5640
194.00 5640
195.00 5640
196.00 5646.67
197.00 5646.67
198.00 5646.67
199.00 5653.33
200.00 5653.33
201.00 5660
202.00 5660
203.00 5660
204.00 5666.67
205.00 5666.67
206.00 5666.67
207.00 5673.33
208.00 5673.33
209.00 5673.33
210.00 5680
211.00 5680
212.00 5686.67
213.00 5686.67
214.00 5686.67
215.00 5693.33
216.00 5693.33
217.00 5693.33
218.00 5700
219.00 5700
220.00 5700
221.00 5706.67
222.00 5706.67
223.00 5713.33
224.00 5713.33
225.00 5713.33
226.00 5720
227.00 5720
228.00 5720
229.00 5726.67
230.00 5726.67
231.00 5726.67
232.00 5733.33
233.00 5733.33
234.00 5740
235.00 5740
236.00 5740
237.00 5746.67
238.00 5746.67
239.00 5746.67
240.00 5753.33
241.00 5753.33
242.00 5753.33
243.00 5760
244.00 5760
245.00 5760
246.00 5766.67
247.00 5766.67
248.00 5773.33
249.00 5773.33
250.00 5773.33
251.00 5780
252.00 5780
253.00 5780
254.00 5786.67
255.00 5786.67
256.00 5786.67
257.00 5793.33
258.00 5793.33
259.00 5793.33
260.00 5800
261.00 5800
262.00 5806.67
263.00 5806.67
264.00 5806.67
265.00 5806.67
266.00 5813.33
267.00 5813.33
268.00 5820
269.00 5820
270.00 5820
271.00 5826.67
272.00 5826.67
273.00 5826.67
274.00 5833.33
275.00 5833.33
276.00 5833.33
277.00 5840
278.00 5840
279.00 5840
280.00 5846.67
281.00 5846.67
282.00 5846.67
283.00 5853.33
284.00 5853.33
285.00 5860
286.00 5860
287.00 5860
288.00 5866.67
289.00 5866.67
290.00 5866.67
291.00 5873.33
292.00 5873.33
293.00 5873.33
294.00 5880
295.00 5880
296.00 5880
297.00 5886.67
298.00 5886.67
299.00 5886.67
300.00 5893.33
301.00 5893.33
302.00 5893.33
303.00 5900
304.00 5900
305.00 5900
306.00 5906.67
307.00 5906.67
308.00 5906.67
309.00 5913.33
310.00 5913.33
311.00 5913.33
312.00 5920
313.00 5920
314.00 5920
315.00 5926.67
316.00 5926.67
317.00 5926.67
318.00 5933.33
319.00 5933.33
320.00 5933.33
321.00 5940
322.00 5940
323.00 5940
324.00 5946.67
325.00 5946.67
326.00 5946.67
327.00 5953.33
328.00 5953.33
329.00 5953.33
330.00 5960
331.00 5960
332.00 5960
333.00 5966.67
334.00 5966.67
335.00 5973.33
336.00 5973.33
337.00 5973.33
338.00 5973.33
339.00 5980
340.00 5980
341.00 5980
342.00 5986.67
343.00 5986.67
344.00 5986.67
345.00 5993.33
346.00 5993.33
347.01 5993.33
348.00 6000
349.00 3000
350.00 3000
351.00 3006.67
352.00 3006.67
353.00 3013.33
354.00 3013.33
355.00 3013.33
356.00 3020
357.00 3020
358.00 3026.67
359.00 3026.67
360.00 3033.33
361.00 3033.33
362.00 3033.33
363.00 3040
364.00 3040
365.00 3046.67
366.00 3046.67
367.00 3046.67
368.00 3053.33
369.00 3053.33
370.00 3060
371.00 3060
372.00 3066.67
373.00 3066.67
374.00 3073.33
375.00 3073.33
376.00 3073.33
377.00 3080
378.00 3080
379.00 3086.67
380.00 3086.67
381.00 3086.67
382.00 3093.33
383.00 3093.33
384.00 3100
385.00 3100
386.00 3106.67
387.00 3106.67
388.00 3106.67
389.00 3113.33
390.00 3113.33
391.00 3120
392.00 3120
393.00 3126.67
394.00 3126.67
395.00 3126.67
396.00 3133.33
397.00 3133.33
398.00 3140
399.00 3140
400.00 3146.67
401.00 3146.67
402.00 3146.67
403.00 3153.33
404.00 3153.33
405.00 3160
406.00 3160
407.00 3160
408.00 3166.67
409.00 3166.67
410.00 3173.33
411.00 3173.33
412.00 3180
413.00 3180
414.00 3186.67
415.00 3186.67
416.00 3186.67
417.00 3193.33
418.00 3193.33
419.00 3200
420.00 3200
421.00 3200
422.00 3206.67
423.00 3206.67
424.00 3213.33
425.00 3213.33
426.00 3213.33
427.00 3220
428.00 3220
429.00 3226.67
430.00 3226.67
431.00 3233.33
432.00 3233.33
433.00 3240
434.00 3240
435.00 3240
436.00 3246.67
437.00 3246.67
438.00 3246.67
439.00 3253.33
440.00 3253.33
441.00 3260
442.00 3260
443.00 3266.67
444.00 3266.67
445.00 3273.33
446.00 3273.33
447.00 3273.33
448.00 3280
449.00 3280
450.00 3286.67
451.00 3286.67
452.00 3286.67
453.00 3293.33
454.00 3293.33
455.00 3300
456.00 3300
457.00 3300
458.00 3306.67
459.00 3306.67
460.00 3313.33
461.00 3313.33
462.00 3320
463.00 3320
464.00 3326.67
465.00 3326.67
466.00 3326.67
467.00 3333.33
468.00 3333.33
469.00 3340
470.00 3340
471.00 3340
472.00 3346.67
473.00 3346.67
474.00 3353.33
475.00 3353.33
476.00 3360
477.00 3360
478.00 3360
479.00 3366.67
480.00 3366.67
481.00 3373.33
482.00 3373.33
483.00 3380
484.00 3380
485.00 3380
486.00 3386.67
487.00 3386.67
488.00 3393.33
489.00 3393.33
490.00 3400
491.00 3400
492.00 3400
493.00 3406.67
494.00 3406.67
495.00 3413.33
496.00 3413.33
497.00 3413.33
498.00 3420
499.00 3420
500.00 3426.67
