1.00 16.2
2.00 17.1
3.00 17.0
4.00 17.2
5.00 17.1
6.00 16.6
7.00 16.4
8.00 16.8
9.00 16.7
10.00 16.6
11.00 16.1
12.00 16.8
13.00 16.5
14.00 16.3
15.00 16.6
16.00 17.3
17.00 16.8
18.00 17.2
19.00 17.1
20.00 17.4
21.00 15.5
22.00 11.5
23.00 12.2
24.00 15.1
25.00 16.3
26.00 16.2
27.00 17.3
28.00 14.4
29.00 15.3
30.00 12.5
31.00 16.3
32.00 15.9
33.00 16.5
34.00 16.6
35.00 16.5
36.00 16.7
37.00 16.9
38.00 16.8
39.00 16.6
40.00 16.6
41.00 17.1
42.00 16.8
43.00 17.2
44.00 17.5
45.00 17.0
46.00 17.0
47.00 16.9
48.00 16.6
49.00 16.7
50.00 16.5
51.00 16.9
52.00 16.5
53.00 12.5
54.00 9.01
55.00 11.7
56.00 11.7
57.00 13.7
58.00 13.8
59.00 10.2
60.00 15.6
61.00 15.4
62.00 15.1
63.00 15.6
64.00 16.6
65.00 16.3
66.00 14.5
67.00 13.0
68.00 17.2
69.00 17.4
70.00 14.8
71.00 11.7
72.00 15.1
73.00 11.8
74.00 17.1
75.00 17.0
76.00 17.1
77.00 17.1
78.00 17.0
79.00 17.0
80.00 16.3
81.00 16.7
82.00 16.3
83.00 16.2
84.00 16.6
85.00 16.6
86.00 16.8
87.00 16.4
88.00 16.4
89.00 16.5
90.00 16.7
91.00 16.6
92.00 16.4
93.00 16.2
94.00 16.8
95.00 16.6
96.00 16.9
97.00 16.7
98.00 17.2
99.00 17.3
100.00 17.2
101.00 17.3
102.00 16.6
103.00 17.1
104.00 16.8
105.00 16.7
106.00 16.6
107.00 16.5
108.00 16.7
109.00 16.6
110.00 16.3
111.00 16.6
112.00 16.4
113.00 16.5
114.00 12.7
115.00 17.1
116.00 17.2
117.00 17.2
118.00 17.3
119.00 17.0
120.00 16.3
121.00 13.6
122.00 14.9
123.00 11.6
124.00 14.7
125.00 17.1
126.00 13.1
127.00 14.5
128.00 15.7
129.00 14.9
130.00 16.5
131.00 17.0
132.00 16.7
133.00 16.8
134.00 16.7
135.00 16.4
136.00 16.4
137.00 16.7
138.00 16.6
139.00 17.0
140.00 17.2
141.00 17.4
142.00 17.1
143.00 16.7
144.00 17.0
145.00 16.7
146.00 17.3
147.00 17.3
148.00 17.2
149.00 17.4
150.00 17.3
151.00 17.1
152.00 17.2
153.00 16.7
154.00 16.9
155.00 16.2
156.00 16.5
157.00 16.5
158.00 16.7
159.00 16.5
160.00 16.7
161.00 16.5
162.00 16.4
163.00 16.4
164.00 17.3
165.00 17.2
166.00 17.2
167.00 17.2
168.00 17.1
169.00 17.3
170.00 16.3
171.00 15.0
172.00 16.4
173.00 16.6
174.00 16.8
175.00 16.5
176.00 16.5
177.00 16.5
178.00 16.6
179.00 16.6
180.00 16.4
181.00 16.8
182.00 16.6
183.00 16.5
184.00 16.6
185.00 16.6
186.00 16.3
187.00 16.6
188.00 16.9
189.00 17.1
190.00 17.3
191.00 17.1
192.00 17.3
193.00 17.1
194.00 17.2
195.00 17.2
196.00 16.9
197.00 17.1
198.00 17.3
199.00 17.2
200.00 17.3
201.00 17.2
202.00 17.2
203.00 16.5
204.00 16.6
205.00 16.4
206.00 16.4
207.00 16.7
208.00 16.5
209.00 16.6
210.00 16.8
211.00 16.7
212.00 16.8
213.00 16.5
214.00 16.7
215.00 16.7
216.00 16.6
217.00 16.7
218.00 16.6
219.00 16.7
220.00 16.7
221.00 17.2
222.00 17.1
223.00 16.9
224.00 17.2
225.00 17.1
226.00 16.9
227.00 16.2
228.00 16.2
229.00 13.6
230.00 13.9
231.00 15.2
232.00 16.0
233.00 14.1
234.00 11.3
235.00 13.3
236.00 16.2
237.00 17.0
238.00 16.4
239.00 17.0
240.00 17.4
241.00 17.0
242.00 13.9
243.00 10.9
244.00 12.5
245.00 11.4
246.00 11.3
247.00 12.5
248.00 12.3
249.00 13.2
250.00 12.6
251.00 11.9
252.00 14.9
253.00 15.6
254.00 14.6
255.00 12.8
256.00 10.5
257.00 11.4
258.00 13.1
259.00 13.7
260.00 11.1
261.00 11.0
262.00 12.8
263.00 13.2
264.00 15.4
265.00 13.8
266.00 15.5
267.00 14.4
268.01 12.7
269.00 15.1
270.00 12.8
271.00 12.8
272.00 13.4
273.00 12.1
274.00 15.1
275.00 16.2
276.00 16.1
277.00 15.9
278.00 16.0
279.00 15.6
280.00 16.4
281.00 16.7
282.00 12.8
283.00 16.6
284.00 13.3
285.00 16.4
286.00 15.9
287.00 15.1
288.00 12.4
289.00 10.6
290.00 13.5
291.00 15.4
292.00 14.0
293.00 12.4
294.00 15.3
295.00 13.3
296.00 12.0
297.00 10.8
298.00 12.8
299.00 14.9
300.00 12.8
301.00 12.5
302.01 10.2
303.00 14.7
304.00 13.6
305.00 16.6
306.00 16.5
307.00 16.2
308.00 16.0
309.00 14.9
310.01 11.8
311.00 10.8
312.00 10.8
313.00 11.0
314.00 15.8
315.00 16.5
316.00 12.9
317.00 13.3
318.00 13.0
319.00 13.0
320.00 13.3
321.00 12.8
322.00 16.7
323.00 16.9
324.00 17.1
325.00 17.3
326.00 17.2
327.00 17.0
328.00 17.3
329.00 17.0
330.00 17.5
331.00 16.7
332.00 13.9
333.00 17.2
334.00 16.1
335.00 16.7
336.00 16.7
337.00 16.7
338.00 16.9
339.00 17.1
340.00 17.3
341.00 17.0
342.00 17.3
343.00 17.2
344.00 15.5
345.00 17.4
346.00 16.6
347.00 13.6
348.00 17.3
349.00 17.4
350.00 16.6
351.00 16.2
352.00 16.7
353.00 16.9
354.00 16.9
355.00 17.0
356.00 16.8
357.00 16.8
358.00 17.2
359.00 17.0
360.00 17.1
361.00 17.1
362.00 16.5
363.00 16.8
364.00 17.0
365.00 17.1
366.00 17.1
367.00 17.4
368.00 17.0
369.00 17.1
370.00 17.5
371.00 17.4
372.00 17.3
373.00 17.2
374.00 17.1
375.00 17.2
376.00 17.5
377.00 17.4
378.00 17.4
379.00 17.3
380.00 17.1
381.00 17.4
382.00 17.4
383.00 17.1
384.00 17.1
385.00 17.3
386.00 17.0
387.00 17.5
388.00 17.5
389.00 17.3
390.00 17.4
391.00 17.3
392.00 16.9
393.00 17.3
394.00 17.4
395.00 17.4
396.00 17.4
397.00 17.3
398.00 16.9
399.00 17.3
400.00 17.0
401.00 16.9
402.00 15.5
403.00 16.9
404.00 16.6
405.00 17.2
406.00 16.9
407.00 17.1
408.00 17.0
409.00 16.9
410.00 17.1
411.00 17.3
412.00 17.1
413.00 17.3
414.00 17.1
415.00 17.2
416.00 17.1
417.00 17.5
418.00 17.3
419.00 17.3
420.00 17.4
421.00 17.2
422.00 17.1
423.00 17.5
424.00 17.0
425.00 17.1
426.00 17.3
427.00 17.1
428.00 17.3
429.00 17.4
430.00 17.3
431.00 17.3
432.00 17.2
433.00 17.0
434.00 17.4
435.00 17.3
436.00 17.3
437.00 17.3
438.00 17.2
439.00 16.9
440.00 17.5
441.00 17.4
442.00 17.1
443.00 17.1
444.00 16.9
445.00 16.2
446.00 17.1
447.00 17.0
448.00 16.9
449.00 17.0
450.00 16.8
451.00 16.7
452.00 17.1
453.00 16.9
454.00 17.0
455.00 16.8
456.00 16.9
457.00 17.1
458.00 17.4
459.00 17.1
460.00 15.8
461.00 17.4
462.00 17.0
463.00 17.0
464.00 17.4
465.00 16.9
466.00 17.2
467.00 17.4
468.00 17.1
469.00 17.1
470.00 17.5
471.00 17.1
472.00 17.2
473.00 17.3
474.00 17.2
475.00 17.2
476.00 17.2
477.00 17.3
478.00 17.5
479.00 17.2
480.00 17.1
481.00 17.1
482.00 17.5
483.00 17.2
484.00 17.4
485.00 16.9
486.00 16.5
487.00 17.2
488.00 17.2
489.00 16.9
490.00 17.1
491.00 16.9
492.00 16.6
493.00 17.1
494.00 17.1
495.00 17.0
496.00 16.9
497.00 16.6
498.00 16.6
499.00 17.1
500.00 17.1
500.03 13.5
