1.00 16.5
2.00 17.1
3.00 16.7
4.00 17.1
5.00 17.2
6.00 17.0
7.00 17.3
8.00 17.1
9.00 17.0
10.00 16.8
11.00 17.1
12.00 17.2
13.00 16.7
14.00 17.1
15.00 16.9
16.00 17.1
17.00 17.4
18.00 17.0
19.00 17.0
20.00 17.0
21.00 16.6
22.00 16.8
23.00 16.5
24.00 16.7
25.00 16.1
26.00 16.2
27.00 16.6
28.00 15.8
29.00 16.4
30.00 16.6
31.00 16.4
32.00 16.2
33.00 16.0
34.00 15.9
35.00 16.3
36.00 16.3
37.00 16.1
38.00 15.7
39.00 16.7
40.00 16.7
41.00 17.0
42.00 17.1
43.00 17.0
44.00 16.8
45.00 17.3
46.00 17.0
47.00 17.1
48.00 17.0
49.00 16.9
50.00 16.3
51.00 16.5
52.00 16.6
53.00 16.6
54.00 16.1
55.00 16.3
56.00 14.9
57.00 16.4
58.00 16.4
59.00 16.4
60.00 16.4
61.00 16.0
62.00 16.5
63.00 16.3
64.00 16.5
65.00 16.2
66.00 17.0
67.00 17.0
68.00 17.0
69.00 17.2
70.00 17.0
71.00 17.1
72.00 17.2
73.00 17.0
74.00 16.6
75.00 16.3
76.00 16.5
77.00 16.4
78.00 16.0
79.00 16.4
80.00 16.2
81.00 16.2
82.00 16.4
83.00 16.3
84.00 16.5
85.00 16.2
86.00 16.2
87.00 16.4
88.00 16.2
89.00 16.4
90.00 16.6
91.00 16.3
92.00 17.1
93.00 16.9
94.00 17.1
95.00 16.9
96.00 16.7
97.00 17.2
98.00 16.3
99.00 16.4
100.00 16.4
101.00 16.4
102.00 16.4
103.00 16.1
104.00 16.5
105.00 16.3
106.00 16.5
107.00 16.5
108.00 16.3
109.00 16.4
110.00 16.6
111.00 16.3
112.00 16.4
113.00 16.4
114.00 15.0
115.00 16.4
116.00 16.1
117.00 16.1
118.00 16.4
119.00 17.1
120.00 17.1
121.00 17.0
122.00 16.9
123.00 16.5
124.00 16.7
125.00 16.6
126.00 16.3
127.00 16.4
128.00 16.5
129.00 16.3
130.00 16.7
131.00 16.4
132.00 16.5
133.00 16.6
134.00 17.1
135.00 16.5
136.00 16.5
137.00 16.2
138.00 16.2
139.00 16.7
140.00 16.6
141.00 16.1
142.00 16.3
143.00 16.3
144.00 16.2
145.00 16.4
146.00 17.0
147.00 16.7
148.00 15.9
149.00 16.3
150.00 16.2
151.00 16.2
152.00 16.2
153.00 16.2
154.00 16.3
155.00 16.1
156.00 15.9
157.00 16.5
158.00 16.6
159.00 17.0
160.00 17.0
161.00 16.8
162.00 16.5
163.00 16.3
164.00 16.4
165.00 16.2
166.00 16.2
167.00 16.4
168.00 16.2
169.00 16.2
170.00 16.2
171.00 14.7
172.00 16.5
173.00 16.3
174.00 16.5
175.00 16.5
176.00 16.3
177.00 16.4
178.00 16.4
179.00 16.1
180.00 16.1
181.00 16.6
182.00 16.6
183.00 17.1
184.00 17.0
185.00 16.9
186.00 17.1
187.00 17.0
188.00 16.8
189.00 16.1
190.00 16.4
191.00 16.2
192.00 16.2
193.00 16.3
194.00 16.4
195.00 16.6
196.00 16.5
197.00 16.5
198.00 16.4
199.00 16.4
200.00 16.3
201.00 16.5
202.00 16.3
203.00 16.3
204.00 16.4
205.00 16.5
206.00 16.4
207.00 17.0
208.00 17.0
209.00 17.0
210.00 16.5
211.00 16.9
212.00 17.0
213.00 17.1
214.00 16.9
215.00 16.5
216.00 16.1
217.00 16.2
218.00 16.1
219.00 16.3
220.00 16.2
221.00 16.4
222.00 16.3
223.00 16.4
224.00 16.4
225.00 16.5
226.00 16.4
227.00 16.6
228.00 16.2
229.00 14.9
230.00 16.2
231.00 16.8
232.00 17.1
233.00 17.0
234.00 17.1
235.00 17.0
236.00 17.0
237.00 16.9
238.00 17.0
239.00 17.1
240.00 16.9
241.00 16.6
242.00 16.7
243.00 16.3
244.00 16.5
245.00 16.4
246.00 16.4
247.00 16.2
248.00 16.5
249.00 16.4
250.00 16.4
251.00 16.1
252.00 16.7
253.00 16.2
254.00 16.5
255.00 16.4
256.00 16.9
257.00 17.1
258.00 17.1
259.00 17.0
260.00 17.0
261.00 16.9
262.00 17.2
263.00 16.9
264.00 16.8
265.00 16.9
266.00 17.0
267.00 16.9
268.00 16.6
269.00 16.4
270.00 16.8
271.00 16.3
272.00 16.2
273.00 16.3
274.00 16.4
275.00 16.3
276.00 16.1
277.00 16.2
278.00 16.1
279.00 16.3
280.00 16.5
281.00 17.1
282.00 16.8
283.00 17.2
284.00 16.9
285.00 17.0
286.00 17.1
287.00 15.7
288.00 17.1
289.00 17.1
290.00 17.0
291.00 16.9
292.00 17.0
293.00 16.9
294.00 17.0
295.00 16.6
296.00 16.5
297.00 16.4
298.00 16.5
299.00 16.4
300.00 16.4
301.00 16.7
302.00 16.4
303.00 16.3
304.00 16.5
305.00 17.0
306.00 16.9
307.00 16.9
308.00 17.1
309.00 17.2
310.00 17.1
311.00 16.8
312.00 17.2
313.00 16.8
314.00 17.1
315.00 17.0
316.00 17.1
317.00 17.2
318.00 16.9
319.00 17.1
320.00 17.2
321.00 16.7
322.00 16.4
323.00 16.3
324.00 16.5
325.00 16.5
326.00 16.5
327.00 16.6
328.00 16.2
329.00 16.6
330.00 16.5
331.00 16.6
332.00 16.5
333.00 16.8
334.00 16.6
335.00 16.5
336.00 16.7
337.00 16.5
338.00 16.4
339.00 17.0
340.00 16.7
341.00 16.9
342.00 16.5
343.00 16.2
344.00 14.9
345.00 16.5
346.00 16.4
347.00 16.5
348.00 16.5
349.00 16.6
350.00 16.5
351.00 16.5
352.00 16.3
353.00 16.3
354.00 16.2
355.00 16.2
356.00 16.2
357.00 16.3
358.00 16.4
359.00 17.2
360.00 17.0
361.00 16.7
362.00 17.2
363.00 17.1
364.00 17.0
365.00 16.9
366.00 17.0
367.00 17.0
368.00 17.1
369.00 17.0
370.00 17.2
371.00 16.9
372.00 17.0
373.00 17.1
374.00 17.2
375.00 16.3
376.00 16.4
377.00 16.4
378.00 13.1
379.00 15.8
380.00 16.0
381.00 15.8
382.00 16.1
383.00 16.3
384.00 16.4
385.00 16.8
386.00 16.8
387.00 17.0
388.00 16.8
389.00 16.6
390.00 16.2
391.00 16.3
392.00 16.7
393.00 16.6
394.00 16.3
395.00 16.6
396.00 16.0
397.00 16.2
398.00 16.2
399.00 16.8
400.00 17.0
401.00 16.6
402.00 15.1
403.00 16.2
404.00 16.3
405.00 16.3
406.00 16.1
407.00 16.2
408.00 16.4
409.00 16.5
410.00 16.6
411.00 16.4
412.00 17.0
413.00 17.1
414.00 17.1
415.00 17.0
416.00 16.9
417.00 17.1
418.00 16.8
419.00 17.1
420.00 17.1
421.00 16.9
422.00 17.0
423.00 17.2
424.00 17.1
425.00 17.2
426.00 17.0
427.00 16.8
428.00 16.5
429.00 16.2
430.00 16.4
431.00 16.7
432.00 16.4
433.00 16.2
434.00 16.4
435.00 16.4
436.00 16.3
437.00 16.0
438.00 16.4
439.00 16.5
440.00 16.4
441.00 16.2
442.00 16.2
443.00 16.3
444.00 16.6
445.00 16.3
446.00 16.8
447.00 17.0
448.00 16.8
449.00 16.9
450.00 17.1
451.00 16.9
452.00 17.0
453.00 17.0
454.00 17.0
455.00 16.1
456.00 16.4
457.00 16.4
458.00 15.8
459.00 16.3
460.00 15.0
461.00 16.4
462.00 16.4
463.00 16.4
464.00 16.6
465.00 16.8
466.00 17.1
467.00 17.3
468.00 16.7
469.00 17.2
470.00 17.0
471.00 16.8
472.00 17.1
473.00 17.2
474.00 17.1
475.00 16.9
476.00 17.1
477.00 17.1
478.00 17.1
479.00 17.1
480.00 16.9
481.00 16.7
482.00 16.3
483.00 16.5
484.00 16.5
485.00 16.4
486.00 16.5
487.00 16.4
488.00 16.4
489.00 16.4
490.00 16.3
491.00 16.2
492.00 16.7
493.00 16.7
494.00 17.0
495.00 17.2
496.00 17.0
497.00 17.1
498.00 17.1
499.00 16.9
500.00 17.2
500.02 29.0
