1.00 3126.67
2.00 1100
3.00 1120
4.00 1133.33
5.00 1146.67
6.00 1160
7.00 1173.33
8.00 1186.67
9.00 1200
10.00 1220
11.00 1233.33
12.00 1246.67
13.00 1260
14.00 1273.33
15.00 1286.67
16.00 1300
17.00 1313.33
18.00 1320
19.00 1333.33
20.00 1346.67
21.00 1360
22.00 1373.33
23.00 1386.67
24.00 1393.33
25.00 1406.67
26.00 1420
27.00 1433.33
28.00 1446.67
29.00 1453.33
30.00 1466.67
31.00 1480
32.00 1486.67
33.00 1500
34.00 1513.33
35.00 1520
36.00 1533.33
37.00 1546.67
38.00 1553.33
39.00 1566.67
40.00 1580
41.00 1586.67
42.00 1600
43.00 1606.67
44.00 1620
45.00 1626.67
46.00 1640
47.00 1646.67
48.00 1660
49.00 1666.67
50.00 1680
51.00 1686.67
52.00 1700
53.00 1706.67
54.00 1720
55.00 1726.67
56.00 1740
57.00 1746.67
58.00 1760
59.00 1766.67
60.00 1780
61.00 1786.67
62.00 1793.33
63.01 1800
64.01 1800
65.00 469.333
66.00 491.333
67.00 512.667
68.00 535.333
69.00 556
70.00 578
71.00 599.333
72.00 621.333
73.00 642.667
74.00 664
75.00 666.667
76.00 686.667
77.00 706.667
78.00 720
79.00 740
80.00 753.333
81.00 773.333
82.00 786.667
83.00 800
84.00 813.333
85.00 833.333
86.00 846.667
87.00 860
88.00 873.333
89.00 886.667
90.00 900
91.00 906.667
92.00 920
93.00 933.333
94.00 946.667
95.00 960
96.00 502.667
97.00 519.333
98.00 536.667
99.00 552.667
100.00 567.333
101.00 582.667
102.00 598
103.00 612
104.00 626
105.00 639.333
106.00 653.333
107.00 666.667
108.00 678.667
109.00 673.333
110.00 686.667
111.00 700
112.00 713.333
113.00 726.667
114.00 733.333
115.00 206.667
116.00 228
117.00 250
118.00 271.333
119.00 293.333
120.00 314.667
121.00 336.667
122.00 358
123.00 380.667
124.00 401.333
125.00 423.333
126.00 443.333
127.00 462.667
128.00 482
129.00 499.333
130.00 517.333
131.00 533.333
132.00 550.667
133.00 566.667
134.00 581.333
135.00 596.667
136.00 612
137.00 626
138.00 640
139.00 653.333
140.00 667.333
141.00 339.333
142.00 361.333
143.00 382.667
144.00 404.667
145.00 426
146.00 446.667
147.00 466.667
148.00 484.667
149.00 503.333
150.00 520.667
151.00 538
152.00 554
153.00 570.667
154.00 585.333
155.00 600.667
156.00 615.333
157.00 630
158.00 644
159.00 658
160.00 671.333
161.00 342
162.00 364
163.00 385.333
164.00 407.333
165.00 428.667
166.00 448.667
167.00 468.667
168.00 487.333
169.00 505.333
170.00 522
171.00 539.333
172.00 556
173.00 572
174.00 588
175.00 603.333
176.00 617.333
177.00 631.333
178.00 646
179.00 658.667
180.00 673.333
181.00 673.333
182.00 686.667
183.00 706.667
184.00 720
185.00 733.333
186.00 746.667
187.00 760
188.00 780
189.00 793.333
190.00 806.667
191.00 820
192.00 833.333
193.00 846.667
194.00 860
195.00 866.667
196.00 880
197.00 893.333
198.00 467.333
199.00 488
200.00 510
201.00 530
202.00 548.667
203.00 567.333
204.00 586.667
205.00 604
206.00 621.333
207.00 637.333
208.00 653.333
209.00 669.333
210.00 666.667
211.00 680
212.00 700
213.00 713.333
214.00 726.667
215.00 740
216.00 753.333
217.00 760
218.00 773.333
219.00 786.667
220.00 800
221.00 414.667
222.00 436.667
223.00 457.333
224.00 478
225.00 498.667
226.00 517.333
227.00 536.667
228.00 554
229.00 571.333
230.00 588
231.00 604
232.00 620
233.00 636
234.00 650.667
235.00 665.333
236.00 680
237.00 680
238.00 693.333
239.00 706.667
240.00 720
241.00 408
242.00 393.333
243.00 414.667
244.00 435.333
245.00 457.333
246.00 477.333
247.00 496.667
248.00 515.333
249.00 533.333
250.00 549.333
251.00 566.667
252.00 583.333
253.00 599.333
254.00 614.667
255.00 630
256.00 644
257.00 658
258.00 672
259.00 666.667
260.00 680
261.00 501.333
262.00 376
263.00 398
264.00 419.333
265.00 440
266.00 460.667
267.00 480.667
268.00 499.333
269.00 517.333
270.00 535.333
271.00 552.667
272.00 568.667
273.00 584.667
274.00 600.667
275.00 615.333
276.00 630
277.00 644.667
278.00 658.667
279.00 672
280.00 673.333
281.00 526
282.00 369.333
283.00 391.333
284.00 412.667
285.00 433.333
286.00 454.667
287.00 474
288.00 493.333
289.00 510.667
290.00 528.667
291.00 544.667
292.00 562
293.00 578
294.00 592.667
295.00 608
296.00 623.333
297.00 637.333
298.00 650.667
299.00 664.667
300.00 678.667
301.00 673.333
302.00 364.667
303.00 386.667
304.00 408
305.00 430
306.00 450.667
307.00 469.333
308.00 488
309.00 507.333
310.00 524
311.00 541.333
312.00 558
313.00 573.333
314.00 589.333
315.00 604
316.00 619.333
317.00 633.333
318.00 647.333
319.00 660.667
320.00 674
321.00 673.333
322.00 358
323.00 375.333
324.00 391.333
325.00 407.333
326.00 422.667
327.00 437.333
328.00 451.333
329.00 466.667
330.00 480.667
331.00 494
332.00 507.333
333.00 520.667
334.00 533.333
335.00 546
336.00 558
337.00 570.667
338.00 582.667
339.00 594.667
340.00 606
341.00 617.333
342.00 326
343.00 348
344.00 367.333
345.00 387.333
346.00 406
347.00 424
348.00 442
349.00 459.333
350.00 475.333
351.00 491.333
352.00 506
353.00 522
354.00 536.667
355.00 550.667
356.00 564.667
357.00 578.667
358.00 592
359.00 605.333
360.00 618.667
361.00 630.667
362.00 647.333
363.00 664.667
364.00 680.667
365.00 680
366.00 693.333
367.00 706.667
368.00 726.667
369.00 740
370.00 753.333
371.00 766.667
372.00 780
373.00 793.333
374.00 800
375.00 813.333
376.00 826.667
377.00 840
378.00 440
379.00 462
380.00 483.333
381.00 503.333
382.00 523.333
383.00 542
384.00 560
385.00 578
386.00 594.667
387.00 612
388.00 628
389.00 644
390.00 658.667
391.00 674
392.00 673.333
393.00 686.667
394.00 700
395.00 713.333
396.00 726.667
397.00 740
398.00 753.333
399.00 760
400.00 773.333
401.00 786.667
402.00 419.333
403.00 441.333
404.00 462.667
405.00 482.667
406.00 502.667
407.00 520.667
408.00 538
409.00 556
410.00 573.333
411.00 589.333
412.00 605.333
413.00 620
414.00 635.333
415.00 650.667
416.00 664
417.00 678
418.00 673.333
419.00 686.667
420.00 700
421.00 713.333
422.00 726.667
423.00 740
424.00 753.333
425.00 760
426.00 773.333
427.00 401.333
428.00 423.333
429.00 444.667
430.00 466
431.00 484.667
432.00 503.333
433.00 521.333
434.00 539.333
435.00 556
436.00 572
437.00 588
438.00 603.333
439.00 618.667
440.00 633.333
441.00 647.333
442.00 338.667
443.00 357.333
444.00 374
445.00 391.333
446.00 407.333
447.00 423.333
448.00 439.333
449.00 453.333
450.00 468.667
451.00 482.667
452.00 496.667
453.00 510.667
454.00 524
455.00 538
456.00 550.667
457.00 564
458.00 576
459.00 588
460.00 311.333
461.00 332.667
462.00 354.667
463.00 374
464.00 394
465.00 412.667
466.00 430.667
467.00 448.667
468.00 466
469.00 482
470.00 498
471.00 512.667
472.00 528
473.00 542.667
474.00 557.333
475.00 571.333
476.00 585.333
477.00 598.667
478.00 309.333
479.00 330.667
480.00 168
481.00 189.333
482.00 211.333
483.00 232.667
484.00 255.333
485.00 277.333
486.00 298.667
487.00 320.667
488.00 341.333
489.00 362.667
490.00 384.667
491.00 406
492.00 427.333
493.00 446.667
494.00 466
495.00 484.667
496.00 501.333
497.00 518.667
498.00 535.333
499.00 550.667
500.00 565.333
