63 9.4
64 30.1333
65 51.8667
66 74.6667
67 95.3333
68 118
69 139.333
70 161.333
71 182
72 202.667
73 223.333
74 243.333
75 262
76 279.333
77 296.667
78 314
79 330
80 346
81 361.333
82 376
83 390
84 404.667
85 418.667
86 432.667
87 446
88 459.333
89 472
90 485.333
91 498
92 510
93 522
94 536.667
95 553.333
96 570.667
97 586.667
98 602.667
99 617.333
100 631.333
101 646.667
102 660
103 674
104 673.333
105 686.667
106 700
107 706.667
108 720
109 733.333
110 746.667
111 760
112 766.667
113 211.333
114 232.667
115 255.333
116 277.333
117 298.667
118 320.667
119 342
120 364
121 385.333
122 407.333
123 428
124 448.667
125 468.667
126 487.333
127 505.333
128 523.333
129 540
130 556
131 572
132 588
133 603.333
134 618.667
135 632.667
136 646.667
137 660.667
138 674
139 673.333
140 362
141 384
142 405.333
143 427.333
144 448
145 467.333
146 486.667
147 504.667
148 522
149 539.333
150 556
151 572
152 587.333
153 602.667
154 617.333
155 631.333
156 646
157 660
158 674
159 673.333
160 362
161 384
162 405.333
163 427.333
164 446.667
165 466.667
166 485.333
167 503.333
168 521.333
169 538
170 555.333
171 571.333
172 587.333
173 602.667
174 616.667
175 630.667
176 644.667
177 658.667
178 672
179 666.667
180 357.333
181 374
182 390
183 406
184 421.333
185 436.667
186 450.667
187 466
188 478.667
189 493.333
190 506
191 519.333
192 532.667
193 544.667
194 557.333
195 569.333
196 292
197 312.667
198 334.667
199.01 355.333
200 374
201 393.333
202 411.333
203 428.667
204 446.667
205 462.667
206 478.667
207 494.667
208 510
209 525.333
210 539.333
211 554
212 567.333
213 581.333
214 594.667
215 608
216 621.333
217 633.333
218 646
219 658
220 346
221 367.333
222 388.667
223 409.333
224 428.667
225 446.667
226 464.667
227 482.667
228 499.333
229 515.333
230 532
231 546.667
232 562
233 576.667
234 591.333
235 606
236 619.333
237 632.667
238 646
239 658.667
240 346.667
241 368.667
242 390
243 411.333
244 432
245 450.667
246 470.667
247 487.333
248 504.667
249 521.333
250 538
251 554
252 569.333
253 584.667
254 599.333
255 614
256 628
257 641.333
258 654
259 667.333
260 350
261 371.333
262 393.333
263 414.667
264 435.333
265 455.333
266 474
267 493.333
268 510
269 526.667
270 544
271 560
272 575.333
273 590
274 605.333
275 620
276 634.667
277 647.333
278 660.667
279 674
280 354.667
281 376
282 396.667
283 418.667
284 439.333
285 460
286 478
287 496.667
288 514
289 530.667
290 548
291 562.667
292 578.667
293 594
294 608.667
295 623.333
296 637.333
297 650.667
298 664.667
299 678
300 355.333
301 377.333
302 398.667
303 420.667
304 441.333
305 460.667
306 480
307 498
308 515.333
309 532.667
310 549.333
311 564.667
312 580.667
313 596
314 610.667
315 625.333
316 639.333
317 652.667
318 666.667
319 680
320 680
321 693.333
322 713.333
323 726.667
324 740
325 760
326 773.333
327 786.667
328 800
329 813.333
330 826.667
331 840
332 853.333
333 866.667
334 873.333
335 886.667
336 900
337 913.333
338 920
339 933.333
340 493.333
341 514.667
342 535.333
343 555.333
344 574
345 592
346 610
347 626.667
348 642.667
349 658.667
350 674.667
351 673.333
352 686.667
353 700
354 713.333
355 726.667
356 740
357 753.333
358 766.667
359 780
360 412
361 428.667
362 444.667
363 460.667
364 476
365 491.333
366 505.333
367 520.667
368 534.667
369 548
370 560.667
371 574
372 587.333
373 599.333
374 612.667
375 625.333
376 319.333
377 341.333
378 364
379 384
380 403.333
381 422.667
382 441.333
383 458
384 476
385 493.333
386 509.333
387 525.333
388 540
389 555.333
390 569.333
391 583.333
392 598
393 610.667
394 624
395 637.333
396 650.667
397 662.667
398 674.667
399 673.333
400 358
401 380
402 401.333
403 421.333
404 441.333
405 460
406 478
407 496
408 512
409 528.667
410 544.667
411 560
412 575.333
413 590
414 604
415 618.667
416 631.333
417 644.667
418 658
419 671.333
420 666.667
421 680
422 693.333
423 706.667
424 713.333
425 726.667
426 391.333
427 412.667
428 433.333
429 452.667
430 471.333
431 490
432 508
433 525.333
434 541.333
435 557.333
436 572
437 587.333
438 602.667
439 616.667
440 633.333
441 651.333
442 669.333
443 673.333
444 686.667
445 700
446 720
447 733.333
448 746.667
449 760
450 773.333
451 786.667
452 800
453 813.333
454 826.667
455 840
456 853.333
457 866.667
458 456
459 478
460 498.667
461 519.333
462 539.333
463 558
464 576.667
465 594
466 610.667
467 626.667
468 644
469 658.667
470 674
471 673.333
472 686.667
473 700
474 713.333
475 726.667
476 378.667
477 400.667
478 407.333
479 222.667
480 244
481 266
482 287.333
483 309.333
484 332
485 353.333
486 374
487 396
488 417.333
489 439.333
490 460
491 480
492 499.333
493 517.333
494 535.333
495 552.667
496 568.667
497 584.667
498 599.333
499 617.333
500 639.333
