1.00 16.1
2.00 17.2
3.00 16.8
4.00 17.0
5.00 17.0
6.00 16.7
7.00 16.4
8.00 16.7
9.00 16.6
10.00 16.4
11.00 16.5
12.00 16.4
13.00 16.4
14.00 16.2
15.00 16.7
16.00 17.0
17.00 17.2
18.00 17.2
19.00 17.3
20.00 17.0
21.00 17.0
22.00 17.2
23.00 17.3
24.00 17.0
25.00 17.4
26.00 17.0
27.00 16.9
28.00 16.9
29.00 17.3
30.00 17.2
31.00 17.1
32.00 17.1
33.00 17.3
34.00 16.8
35.00 16.8
36.00 16.4
37.00 16.8
38.00 16.6
39.00 16.8
40.00 16.7
41.00 17.0
42.00 16.9
43.00 17.0
44.00 16.8
45.00 17.2
46.00 17.4
47.00 16.7
48.00 16.4
49.00 17.0
50.00 16.6
51.00 17.0
52.00 16.9
53.00 16.9
54.00 16.8
55.00 16.3
56.00 15.4
57.00 17.2
58.00 17.3
59.00 17.3
60.00 17.4
61.00 17.1
62.00 17.4
63.00 16.9
64.00 16.6
65.00 16.3
66.00 16.7
67.00 16.9
68.00 16.9
69.00 16.7
70.00 16.6
71.00 16.8
72.00 16.5
73.00 16.6
74.00 17.2
75.00 16.8
76.00 17.0
77.00 17.2
78.00 17.3
79.00 17.4
80.00 17.4
81.00 17.3
82.00 17.4
83.00 17.3
84.00 17.1
85.00 17.3
86.00 16.9
87.00 17.2
88.00 16.7
89.00 16.9
90.00 16.8
91.00 16.5
92.00 16.6
93.00 16.6
94.00 16.7
95.00 16.7
96.00 16.3
97.00 17.0
98.00 16.5
99.00 16.8
100.00 16.7
101.00 16.5
102.00 17.2
103.00 17.2
104.00 17.3
105.00 17.2
106.00 17.1
107.00 17.2
108.00 17.1
109.00 17.2
110.00 17.1
111.00 17.2
112.00 17.4
113.00 17.2
114.00 15.7
115.00 17.3
116.00 17.2
117.00 17.0
118.00 17.3
119.00 17.1
120.00 17.1
121.00 17.0
122.00 17.1
123.00 16.9
124.00 16.8
125.00 16.6
126.00 16.8
127.00 16.8
128.00 16.7
129.00 16.8
130.00 17.0
131.00 16.8
132.00 16.5
133.00 16.8
134.00 16.7
135.00 16.7
136.00 16.9
137.00 16.6
138.00 16.7
139.00 17.0
140.00 17.3
141.00 17.4
142.00 17.4
143.00 17.1
144.00 17.3
145.00 17.4
146.00 17.6
147.00 17.4
148.00 17.1
149.00 17.1
150.00 16.7
151.00 16.6
152.00 16.7
153.00 16.8
154.00 16.7
155.00 16.8
156.00 16.9
157.00 16.9
158.00 16.4
159.00 16.7
160.00 16.8
161.00 17.3
162.00 16.7
163.00 16.4
164.00 16.4
165.00 16.6
166.00 16.6
167.00 16.5
168.00 16.3
169.00 16.0
170.00 16.3
171.00 15.2
172.00 16.7
173.00 16.4
174.00 16.6
175.00 16.8
176.00 16.5
177.00 16.7
178.00 16.8
179.00 16.6
180.00 16.5
181.00 17.3
182.00 17.2
183.00 17.3
184.00 17.2
185.00 17.3
186.00 17.3
187.00 17.2
188.00 17.3
189.00 17.1
190.00 17.0
191.00 17.2
192.00 16.9
193.00 17.0
194.00 16.8
195.00 16.8
196.00 16.6
197.00 16.8
198.00 17.0
199.00 16.7
200.00 16.5
201.00 16.7
202.00 16.9
203.00 16.7
204.00 16.9
205.00 16.7
206.00 16.8
207.00 16.2
208.00 12.6
209.00 10.8
210.00 11.5
211.00 14.3
212.00 16.5
213.00 16.4
214.00 16.6
215.00 16.7
216.00 16.7
217.00 16.7
218.00 16.1
219.00 16.5
220.00 16.2
221.00 16.5
222.00 16.3
223.00 16.9
224.00 17.2
225.00 17.1
226.00 17.0
227.01 16.9
228.00 16.7
229.00 15.6
230.00 17.0
231.00 16.8
232.00 17.3
233.00 17.1
234.00 16.3
235.00 16.3
236.00 16.3
237.00 16.3
238.00 16.3
239.00 16.2
240.00 16.3
241.00 16.4
242.00 16.4
243.00 16.3
244.00 16.6
245.00 15.8
246.00 16.5
247.00 16.3
248.00 16.3
249.00 16.4
250.00 16.4
251.00 16.2
252.00 16.7
253.00 16.5
254.00 17.1
255.00 16.3
256.00 16.6
257.00 16.3
258.00 16.4
259.00 16.5
260.00 16.4
261.00 16.3
262.00 16.4
263.00 16.3
264.00 16.3
265.00 16.9
266.00 17.0
267.00 17.1
268.00 17.2
269.00 17.1
270.00 17.1
271.00 16.9
272.00 16.8
273.00 17.0
274.00 17.3
275.00 17.0
276.00 16.4
277.00 16.5
278.00 16.3
279.00 16.4
280.00 16.3
281.00 16.5
282.00 16.4
283.00 16.6
284.00 16.5
285.00 16.2
286.00 16.3
287.00 15.2
288.00 16.1
289.00 16.5
290.00 16.6
291.00 16.8
292.00 16.6
293.00 16.8
294.00 16.6
295.00 17.0
296.00 17.4
297.00 16.5
298.00 16.5
299.00 16.6
300.00 16.7
301.00 16.5
302.00 16.5
303.00 16.6
304.00 16.5
305.00 16.3
306.00 16.8
307.00 16.9
308.00 17.2
309.00 17.3
310.00 17.3
311.00 17.1
312.00 17.3
313.00 17.1
314.00 17.0
315.00 17.3
316.00 17.2
317.00 17.3
318.00 16.5
319.00 16.7
320.00 16.5
321.00 16.7
322.00 16.5
323.00 16.5
324.00 16.3
325.00 16.6
326.00 16.6
327.00 16.8
328.00 16.4
329.00 16.6
330.00 16.6
331.00 16.6
332.00 17.0
333.00 16.8
334.00 16.3
335.00 17.0
336.00 17.2
337.00 17.3
338.00 16.9
339.00 16.5
340.00 16.7
341.00 16.6
342.00 16.6
343.00 16.2
344.00 14.9
345.00 16.6
346.00 16.6
347.00 16.4
348.00 16.2
349.00 17.3
350.00 17.3
351.00 17.4
352.00 16.9
353.00 17.2
354.00 16.9
355.00 17.0
356.00 17.0
357.00 17.4
358.00 17.1
359.00 17.4
360.00 16.4
361.00 16.3
362.00 16.5
363.00 16.6
364.00 16.7
365.00 16.4
366.00 16.6
367.00 16.5
368.00 16.5
369.00 16.5
370.00 16.6
371.00 16.9
372.00 16.5
373.00 16.5
374.00 16.7
375.00 16.3
376.00 16.7
377.00 17.1
378.00 17.0
379.00 17.1
380.00 17.2
381.00 16.5
382.00 16.4
383.00 16.7
384.00 16.6
385.00 16.3
386.00 16.3
387.00 17.0
388.00 16.6
389.00 16.3
390.00 16.6
391.00 17.0
392.00 17.2
393.00 17.0
394.00 17.2
395.00 17.2
396.00 17.0
397.00 17.1
398.00 17.2
399.00 17.0
400.00 17.4
401.00 17.2
402.00 15.2
403.00 16.6
404.00 16.7
405.00 16.7
406.00 16.2
407.00 16.4
408.00 16.3
409.00 16.4
410.00 16.4
411.00 16.5
412.00 16.9
413.00 16.7
414.00 16.9
415.00 16.8
416.00 16.8
417.00 16.8
418.00 17.2
419.00 17.2
420.00 17.3
421.00 17.3
422.00 17.2
423.00 16.5
424.00 16.4
425.00 16.6
426.00 16.7
427.00 16.7
428.00 16.6
429.00 16.3
430.00 16.8
431.00 16.6
432.00 16.8
433.00 17.0
434.00 17.5
435.00 16.9
436.00 17.1
437.00 16.9
438.00 17.2
439.00 17.0
440.00 17.3
441.00 17.4
442.00 17.2
443.00 17.3
444.00 16.6
445.00 16.5
446.00 16.9
447.00 16.5
448.00 16.8
449.00 16.7
450.00 16.6
451.00 16.5
452.00 16.5
453.00 16.7
454.00 16.4
455.00 16.6
456.00 16.9
457.00 16.7
458.01 16.5
459.00 16.6
460.00 15.3
461.00 16.7
462.00 16.6
463.00 17.1
464.00 17.0
465.00 16.3
466.00 16.4
467.00 16.0
468.00 16.0
469.00 16.4
470.00 16.4
471.00 16.5
472.00 16.6
473.00 16.7
474.00 16.7
475.00 17.0
476.00 17.1
477.00 17.2
478.00 17.2
479.00 17.2
480.00 17.3
481.00 17.4
482.00 17.1
483.00 17.2
484.00 17.1
485.00 17.1
486.00 17.2
487.00 16.6
488.00 16.3
489.00 16.4
490.00 16.3
491.00 16.3
492.00 16.7
493.00 16.8
494.00 16.6
495.00 16.7
496.00 16.7
497.00 16.9
498.00 16.8
499.00 16.7
500.00 16.9
500.06 21.6
