63.43 9.4
64 18.8667
65 75.3333
66 301.333
67 603.333
68 1960
69 906.667
70 1073.33
71 1073.33
72 1080
73 1080
74 1086.67
75 1086.67
76 1086.67
77 1093.33
78 1093.33
79 1100
80 1100
81 1100
82 1106.67
83 1106.67
84 1113.33
85 1113.33
86 1113.33
87 1120
88 1120
89 1120
90 1126.67
91 1126.67
92 1133.33
93 1133.33
94 1133.33
95 1140
96 1140
97 1146.67
98 1146.67
99 1146.67
100 1153.33
101 1153.33
102 1160
103 1160
104 1160
105 1166.67
106 1166.67
107 1173.33
108 1173.33
109 1173.33
110 1180
111 1180
112 1180
113 1186.67
114 1186.67
115 1193.33
116 1193.33
117 1193.33
118 1200
119 1200
120 1200
121 1206.67
122 1206.67
123 1213.33
124 1213.33
125 1213.33
126 1220
127 1220
128 1226.67
129 1226.67
130 1226.67
131 1226.67
132 1233.33
133 1233.33
134 1233.33
135 1240
136 1240
137 1246.67
138 1246.67
139 1246.67
140 1253.33
141 1253.33
142 1253.33
143 1260
144 1260
145 1266.67
146 1266.67
147 1266.67
148 1273.33
149 1273.33
150 1280
151 1280
152 1280
153 1286.67
154 1286.67
155 1286.67
156 1293.33
157 1293.33
158 1300
159 1300
160 1300
161 1306.67
162 1306.67
163 1313.33
164 1313.33
165 1313.33
166 1320
167 1320
168 1320
169 1326.67
170 1326.67
171 1326.67
172 1333.33
173 1333.33
174 1340
175 1340
176 1340
177 1346.67
178 1346.67
179 1346.67
180 1353.33
181 1353.33
182 1360
183.01 1360
184 1360
185 1366.67
186 1366.67
187 1366.67
188 1373.33
189 1373.33
190 1373.33
191 1380
192 1380
193 1386.67
194 1386.67
195 1386.67
196 1393.33
197 1393.33
198 1393.33
199 1400
200 1400
201 1400
202 1406.67
203 1406.67
204 1413.33
205 1413.33
206 1413.33
207 1420
208 1420
209 1420
210 1426.67
211 1426.67
212 1426.67
213 1433.33
214 1433.33
215 1440
216 1440
217 1440
218 1446.67
219 1446.67
220 1446.67
221 1453.33
222 1453.33
223 1453.33
224 1460
225 1460
226 1466.67
227 1466.67
228 1466.67
229 1473.33
230 1473.33
231 1473.33
232 1480
233 1480
234 1480
235 1486.67
236 1486.67
237 1493.33
238 1493.33
239 1493.33
240 1500
241 1500
242 1500
243 1506.67
244 1506.67
245 1506.67
246 1513.33
247 1513.33
248 1513.33
249 1520
250 1520
251 1526.67
252 1526.67
253 1526.67
254 1533.33
255 1533.33
256 1533.33
257 1540
258 1540
259 1540
260 1546.67
261 1546.67
262 1546.67
263 1553.33
264 1553.33
265 1553.33
266 1560
267 1560
268 1560
269 1566.67
270 1566.67
271 1566.67
272 1573.33
273 1573.33
274 1580
275 1580
276 1580
277 1586.67
278 1586.67
279 1586.67
280 1593.33
281 1593.33
282 1593.33
283 1600
284 1600
285 1600
286 1606.67
287 1606.67
288 1606.67
289 1613.33
290 1613.33
291 1613.33
292 1620
293 1620
294 1620
295 1626.67
296 1626.67
297 1626.67
298 1633.33
299 1633.33
300 1640
301 1640
302 1640
303 1640
304 1646.67
305 1646.67
306 1646.67
307 1653.33
308 1653.33
309 1660
310 1660
311 1660
312 1666.67
313 1666.67
314 1666.67
315 1666.67
316 1673.33
317 1673.33
318 1680
319 1680
320 1680
321 1686.67
322 1686.67
323 1686.67
324 1693.33
325 1693.33
326 1693.33
327 1700
328 1700
329 1700
330 1706.67
331 1706.67
332 1706.67
333 1713.33
334 1713.33
335.01 1713.33
336 1720
337 1720
338 1720
339 1726.67
340 1726.67
341 1726.67
342 1733.33
343 1733.33
344 1173.33
345 866.667
346 873.333
347 873.333
348 873.333
349 880
350 880
351 886.667
352 886.667
353 893.333
354 893.333
355 893.333
356 900
357 900
358 906.667
359 906.667
360 913.333
361 913.333
362 913.333
363 920
364 920
365 926.667
366 926.667
367 926.667
368 933.333
369 933.333
370 940
371 940
372 946.667
373 946.667
374 953.333
375 953.333
376 953.333
377 960
378 960
379 966.667
380 966.667
381 966.667
382 973.333
383 973.333
384 980
385 980
386 986.667
387 986.667
388 986.667
389 993.333
390 993.333
391 1000
392 1000
393 1006.67
394 1006.67
395 1006.67
396 1013.33
397 1013.33
398 1020
399 1020
400 1026.67
401 1026.67
402 1026.67
403 1033.33
404 1033.33
405 1040
406 1040
407 1040
408 1046.67
409 1046.67
410 1053.33
411 1053.33
412 1060
413 1060
414 1060
415 1066.67
416 1066.67
417 1073.33
418 1073.33
419 1080
420 1080
421 1080
422 1086.67
423 1086.67
424 1093.33
425 1093.33
426 1100
427 1100
428 1100
429 1106.67
430 1106.67
431 1113.33
432 1113.33
433 1120
434 1120
435 1120
436 1126.67
437 1126.67
438 1126.67
439 1133.33
440 1133.33
441 1140
442 1140
443 1146.67
444 1146.67
445 1146.67
446 1153.33
447 1153.33
448 1160
449 1160
450 1166.67
451 1166.67
452 1166.67
453 1173.33
454 1173.33
455 1180
456 1180
457 1186.67
458 1186.67
459 1186.67
460 1193.33
461 1193.33
462 1200
463 1200
464 1200
465 1206.67
466 1206.67
467 1213.33
468 1213.33
469 1220
470 1220
471 1226.67
472 1226.67
473 1226.67
474 1233.33
475 1233.33
476 1240
477 1240
478 1240
479 1246.67
480 1246.67
481 1253.33
482 1253.33
483 1260
484 1260
485 1260
486 1266.67
487 1266.67
488 1273.33
489 1273.33
490 1280
491 1280
492 1280
493 1286.67
494 1286.67
495 1293.33
496 1293.33
497 1293.33
498 1293.33
499 1293.33
500 662.667
