1.00 16.9
2.00 17.3
3.00 16.5
4.00 17.1
5.00 17.1
6.00 17.3
7.00 17.3
8.00 17.1
9.00 17.2
10.00 17.1
11.00 17.3
12.00 17.3
13.00 16.9
14.00 17.4
15.00 17.2
16.00 17.2
17.00 17.5
18.00 17.2
19.00 17.3
20.00 16.9
21.00 17.0
22.00 17.1
23.00 16.8
24.00 16.8
25.00 16.5
26.00 16.4
27.00 16.5
28.00 16.1
29.00 16.5
30.00 16.5
31.00 16.5
32.00 16.3
33.00 16.2
34.00 16.0
35.00 16.4
36.00 16.4
37.00 16.4
38.00 15.6
39.00 16.9
40.00 16.8
41.00 17.0
42.00 17.2
43.00 17.1
44.00 16.8
45.00 17.3
46.00 17.2
47.00 17.2
48.00 17.2
49.00 16.9
50.00 16.6
51.00 16.7
52.00 16.6
53.00 16.6
54.00 16.2
55.00 16.2
56.00 14.9
57.00 16.5
58.00 16.2
59.00 16.6
60.00 16.3
61.00 16.1
62.00 16.7
63.00 16.4
64.00 16.5
65.00 16.3
66.00 16.9
67.00 17.1
68.00 17.3
69.00 17.3
70.00 17.1
71.00 17.2
72.00 17.4
73.00 17.3
74.00 16.6
75.00 16.4
76.00 16.4
77.00 16.6
78.00 15.9
79.00 16.5
80.00 16.5
81.00 16.6
82.00 16.7
83.00 16.1
84.00 16.6
85.00 16.3
86.00 16.3
87.00 16.5
88.00 16.3
89.00 16.5
90.00 16.6
91.00 16.5
92.00 17.2
93.00 17.1
94.00 17.2
95.00 17.0
96.00 16.8
97.00 17.0
98.00 16.7
99.00 16.5
100.00 16.6
101.00 16.4
102.00 16.3
103.00 16.5
104.00 16.5
105.00 16.5
106.00 16.3
107.00 16.5
108.00 16.4
109.00 16.5
110.00 16.2
111.00 16.5
112.00 16.6
113.00 16.3
114.00 15.2
115.00 16.2
116.00 16.3
117.00 16.1
118.00 16.4
119.00 17.3
120.00 17.2
121.00 17.2
122.00 17.2
123.00 16.6
124.00 16.7
125.00 16.6
126.00 16.6
127.00 16.3
128.00 16.4
129.00 16.4
130.00 16.7
131.00 16.4
132.00 16.4
133.00 17.0
134.00 17.2
135.00 16.6
136.00 16.5
137.00 16.5
138.00 16.4
139.00 16.5
140.00 16.7
141.00 16.3
142.00 16.5
143.00 16.2
144.00 16.3
145.00 16.4
146.00 17.2
147.00 16.8
148.00 16.1
149.00 16.4
150.00 16.3
151.00 16.3
152.00 16.5
153.00 16.3
154.00 16.5
155.00 16.5
156.00 16.3
157.00 16.6
158.00 16.6
159.00 17.2
160.00 17.3
161.00 16.9
162.00 16.6
163.00 16.2
164.00 16.6
165.00 16.3
166.00 16.4
167.00 16.5
168.00 16.3
169.00 16.4
170.00 16.5
171.00 14.6
172.00 16.7
173.00 16.4
174.00 16.7
175.00 16.5
176.00 16.4
177.00 16.6
178.00 16.3
179.00 16.1
180.00 16.3
181.00 16.4
182.00 16.8
183.00 17.1
184.00 17.2
185.00 17.2
186.00 17.2
187.00 17.1
188.00 17.0
189.00 16.2
190.00 16.6
191.00 16.3
192.00 16.4
193.00 16.2
194.00 16.6
195.00 16.6
196.00 16.4
197.00 16.5
198.00 16.7
199.00 16.5
200.00 16.5
201.00 16.4
202.00 16.5
203.00 16.4
204.00 16.6
205.00 16.7
206.00 16.6
207.00 17.0
208.00 17.2
209.00 17.2
210.00 16.5
211.00 17.0
212.00 17.1
213.00 17.3
214.00 17.2
215.00 16.6
216.00 16.4
217.00 16.4
218.00 16.2
219.00 16.6
220.00 16.1
221.00 16.5
222.00 16.2
223.00 16.3
224.00 16.5
225.00 16.5
226.00 16.5
227.00 16.7
228.00 16.6
229.00 15.1
230.00 16.2
231.00 16.8
232.00 17.2
233.00 17.2
234.00 17.2
235.00 17.3
236.00 17.1
237.00 17.0
238.00 17.3
239.00 17.2
240.00 17.0
241.00 16.9
242.00 16.6
243.00 16.4
244.00 16.5
245.00 16.5
246.00 16.5
247.00 16.2
248.00 16.6
249.00 16.4
250.00 16.8
251.00 16.2
252.00 16.7
253.00 16.5
254.00 16.9
255.00 16.7
256.00 17.1
257.00 17.1
258.00 17.2
259.00 16.9
260.00 17.5
261.00 17.1
262.00 17.3
263.00 16.8
264.00 17.2
265.00 17.3
266.00 17.0
267.00 17.1
268.00 16.5
269.00 16.6
270.00 16.8
271.00 16.4
272.00 16.3
273.00 16.4
274.00 16.5
275.00 16.4
276.00 16.1
277.00 16.3
278.00 16.3
279.00 16.6
280.00 16.8
281.00 17.4
282.00 17.1
283.00 17.2
284.00 17.2
285.00 17.2
286.00 17.2
287.00 15.8
288.00 17.3
289.00 17.2
290.00 17.2
291.00 17.4
292.00 17.2
293.00 16.9
294.00 17.3
295.00 16.5
296.00 16.2
297.00 16.5
298.00 16.5
299.00 16.5
300.00 16.5
301.00 16.6
302.00 16.6
303.00 16.3
304.00 16.5
305.00 17.1
306.00 17.0
307.00 17.0
308.00 17.3
309.00 17.3
310.00 17.3
311.00 16.9
312.00 17.2
313.00 16.8
314.00 17.4
315.00 17.1
316.00 17.5
317.00 17.2
318.00 17.2
319.00 17.0
320.00 17.2
321.00 16.8
322.00 16.6
323.00 16.5
324.00 16.5
325.00 16.7
326.00 16.6
327.00 16.7
328.00 16.4
329.00 16.6
330.00 16.5
331.00 16.8
332.00 16.6
333.00 16.9
334.00 16.6
335.00 16.9
336.00 16.8
337.00 16.7
338.00 16.6
339.00 17.1
340.00 16.8
341.00 17.1
342.00 16.8
343.00 16.4
344.00 15.0
345.00 16.6
346.00 16.6
347.00 16.7
348.00 16.5
349.00 16.7
350.00 16.5
351.00 16.6
352.00 16.3
353.00 16.3
354.00 16.4
355.00 16.0
356.00 16.4
357.00 16.5
358.00 16.5
359.00 17.3
360.00 17.2
361.00 17.1
362.00 17.2
363.00 17.3
364.00 17.1
365.00 16.9
366.00 17.4
367.00 17.2
368.00 17.3
369.00 17.3
370.00 17.5
371.00 17.0
372.00 17.1
373.00 17.2
374.00 17.2
375.00 16.5
376.00 16.5
377.00 16.5
378.00 13.2
379.00 16.1
380.00 16.3
381.00 16.1
382.00 16.1
383.00 16.1
384.00 16.2
385.00 16.9
386.00 17.1
387.00 17.2
388.00 17.1
389.00 16.8
390.00 16.4
391.00 16.6
392.00 16.6
393.00 16.7
394.00 16.5
395.00 16.6
396.00 16.0
397.00 16.3
398.00 16.3
399.00 16.9
400.00 17.0
401.00 16.5
402.00 15.1
403.00 16.5
404.00 16.4
405.00 16.5
406.00 16.3
407.00 16.2
408.00 16.6
409.00 16.3
410.00 16.7
411.00 16.3
412.00 17.2
413.00 17.0
414.00 17.3
415.00 17.2
416.00 17.0
417.00 17.3
418.00 17.2
419.00 17.2
420.00 17.4
421.00 17.1
422.00 17.0
423.00 17.3
424.00 17.3
425.00 17.1
426.00 17.4
427.00 16.7
428.00 16.6
429.00 16.4
430.00 16.5
431.00 16.5
432.00 16.4
433.00 16.6
434.00 16.5
435.00 16.1
436.00 16.6
437.00 16.2
438.00 16.5
439.00 16.7
440.00 16.5
441.00 16.4
442.00 16.2
443.00 16.4
444.00 16.4
445.00 16.5
446.00 16.7
447.00 17.0
448.00 16.9
449.00 17.1
450.00 17.2
451.00 17.1
452.00 17.4
453.00 17.1
454.00 17.0
455.00 16.3
456.00 16.5
457.00 16.6
458.00 16.1
459.00 16.4
460.00 15.1
461.00 16.5
462.00 16.5
463.00 16.6
464.00 16.6
465.00 17.1
466.00 17.1
467.00 17.2
468.00 16.9
469.00 17.3
470.00 17.1
471.00 17.1
472.00 17.2
473.00 17.4
474.00 17.1
475.00 17.3
476.00 17.2
477.00 17.1
478.00 17.3
479.00 17.1
480.00 17.2
481.00 16.8
482.00 16.6
483.00 16.6
484.00 16.5
485.00 16.6
486.00 16.5
487.00 16.5
488.00 16.5
489.00 16.3
490.00 16.3
491.00 16.7
492.00 16.7
493.00 16.7
494.00 17.2
495.00 17.3
496.00 17.0
497.00 17.2
498.00 17.0
499.00 16.9
500.00 17.3
500.02 13.8
