63 37.7333
64 2033.33
65 1173.33
66 1020
67 1026.67
68 1033.33
69 1033.33
70 1040
71 1046.67
72 1053.33
73 1060
74 1066.67
75 1066.67
76 1073.33
77 1080
78 1086.67
79 1093.33
80 1100
81 1106.67
82 1106.67
83 1113.33
84 1120
85 1126.67
86 1133.33
87 1140
88 1146.67
89 1146.67
90 1153.33
91 1160
92 1166.67
93 1173.33
94 1180
95 1180
96 1186.67
97 1193.33
98 1200
99 1206.67
100 1213.33
101 1220
102 1220
103 1226.67
104 1233.33
105 1233.33
106 1240
107 1246.67
108 1253.33
109 1260
110 1266.67
111 1273.33
112 1273.33
113 1280
114 1286.67
115 1286.67
116 1293.33
117 1300
118 1306.67
119 1313.33
120 1320
121 1326.67
122 1326.67
123 1333.33
124 1340
125 1346.67
126 1353.33
127 1360
128 1366.67
129 1366.67
130 1373.33
131 1380
132 1386.67
133 1393.33
134 1400
135 1400
136 1406.67
137 1413.33
138 1420
139 1426.67
140 1433.33
141 1440
142 1440
143 1446.67
144 1453.33
145 1460
146 1466.67
147 1473.33
148 1473.33
149 1480
150 1486.67
151 1493.33
152 1500
153 1506.67
154 1513.33
155 1513.33
156 1520
157 1526.67
158 1533.33
159 1533.33
160 1540
161 1546.67
162 1553.33
163 1560
164 1566.67
165 1573.33
166 1573.33
167 1580
168 1580
169 1586.67
170 1593.33
171 1600
172 1606.67
173 1613.33
174 1613.33
175 1620
176 1626.67
177 1633.33
178 1640
179 1646.67
180 1653.33
181 1653.33
182 1660
183 1666.67
184 1673.33
185 1680
186 1686.67
187 1693.33
188 1693.33
189 1700
190 1706.67
191 1713.33
192 1720
193 1720
194 1726.67
195 1733.33
196 1740
197 1740
198 1746.67
199 1746.67
200 1753.33
201 1753.33
202 1760
203 1760
204 1766.67
205 1773.33
206 1773.33
207 1766.67
208 1766.67
209 1773.33
210 1780
211 1780
212 1780
213 1780
214 1780
215 1780
216 1780
217 1780
218 1780
219 1780
220 1780
221 1780
222 1780
223 1780
224 1780
225 1780
226 1780
227 1780
228 1773.33
229 1773.33
230 1766.67
231 1773.33
232 1773.33
233 1780
234 1773.33
235 1780
236 1773.33
237 1773.33
238 1780
239 1773.33
240 1773.33
241 1773.33
242 1773.33
243 1773.33
244 1773.33
245 1773.33
246 1773.33
247 1773.33
248 1773.33
249 1773.33
250 1766.67
251 1766.67
252 1766.67
253 1766.67
254 1766.67
255 1760
256 1760
257 1766.67
258 1766.67
259 1760
260 1760
261 1760
262 1760
263 1760
264 1760
265 1760
266 1760
267 1760
268 1760
269 1753.33
270 1753.33
271 1753.33
272 1753.33
273 1753.33
274 1753.33
275 1753.33
276 1760
277 1753.33
278 1753.33
279 1760
280 1760
281 1760
282 1760
283 1753.33
284 1753.33
285 1753.33
286 1753.33
287 1753.33
288 1753.33
289 1753.33
290 1753.33
291 1753.33
292 1753.33
293 1753.33
294 1753.33
295 1753.33
296 1760
297 1753.33
298 1760
299 1760
300 1753.33
301 1753.33
302 1753.33
303 1753.33
304 1753.33
305 1753.33
306 1753.33
307 1753.33
308 1753.33
309 1753.33
310 1746.67
311 1753.33
312 1753.33
313 1753.33
314 1753.33
315 1753.33
316 1753.33
317 1753.33
318 1753.33
319 1753.33
320 1753.33
321 1753.33
322 1746.67
323 1753.33
324 1753.33
325 1753.33
326 1753.33
327 1753.33
328 1753.33
329 1753.33
330 1753.33
331 1753.33
332 1753.33
333 1753.33
334 1753.33
335 1753.33
336 1746.67
337 1753.33
338 1753.33
339 1746.67
340 1746.67
341 1753.33
342 1746.67
343 1746.67
344 1740
345 1740
346 1740
347 1740
348 1740
349 1740
350 1740
351 1740
352 1740
353 1746.67
354 1740
355 1740
356 1740
357 1740
358 1740
359 1740
360 1740
361 1740
362 1733.33
363 1740
364 1733.33
365 1733.33
366 1733.33
367 1733.33
368 1733.33
369 1733.33
370 1733.33
371 1733.33
372 1733.33
373 1733.33
374 1733.33
375 1733.33
376 1733.33
377 1733.33
378 1733.33
379 1733.33
380 1733.33
381 1733.33
382 1733.33
383 1733.33
384 1726.67
385 1726.67
386 1733.33
387 1733.33
388 1733.33
389 1726.67
390 1726.67
391 1726.67
392 1726.67
393 1733.33
394 1726.67
395 1726.67
396 1726.67
397 1726.67
398 1726.67
399 1726.67
400 1726.67
401 1726.67
402 1726.67
403 1726.67
404 1726.67
405 1726.67
406 1720
407 1726.67
408 1726.67
409 1726.67
410 1726.67
411 1720
412 1726.67
413 1726.67
414 1720
415 1720
416 1726.67
417 1726.67
418 1726.67
419 1726.67
420 1726.67
421 1720
422 1726.67
423 1720
424 1720
425 1713.33
426 1713.33
427 1720
428 1720
429 1720
430 1720
431 1720
432 1720
433 1720
434 1720
435 1720
436 1720
437 1720
438 1726.67
439 1726.67
440 1720
441 1720
442 1720
443 1720
444 1720
445 1713.33
446 1720
447 1713.33
448 1720
449 1720
450 1713.33
451 1713.33
452 1713.33
453 1713.33
454 1713.33
455 1713.33
456 1713.33
457 1713.33
458 1713.33
459 1713.33
460 1713.33
461 1713.33
462 1706.67
463 1706.67
464 1713.33
465 1706.67
466 1706.67
467 1700
468 1700
469 1700
470 1706.67
471 1713.33
472 1713.33
473 1713.33
474 1713.33
475 1713.33
476 1706.67
477 1706.67
478 1700
479 1700
480 1700
481 1700
482 1700
483 1706.67
484 1706.67
485 1706.67
486 1706.67
487 1706.67
488 1706.67
489 1700
490 1706.67
491 1706.67
492 1706.67
493 1706.67
494 1706.67
495 1706.67
496 1706.67
497 1706.67
498 1706.67
499 1706.67
500 1706.67
