63.09 9.4
64 37.7333
65 260
66 1900
67 10133.3
68 8933.33
69 8933.33
70 8933.33
71 8933.33
72 8933.33
73 8933.33
74 8933.33
75 8933.33
76 8933.33
77 8933.33
78 8933.33
79 8933.33
80 8933.33
81 8933.33
82 8933.33
83 8933.33
84 8933.33
85 8933.33
86 8866.67
87 8866.67
88 8866.67
89 8866.67
90 8866.67
91 8866.67
92 8866.67
93 8866.67
94 8866.67
95 8866.67
96 8866.67
97 8866.67
98 8866.67
99 8866.67
100 8866.67
101 8866.67
102 8866.67
103 8866.67
104 8866.67
105 8866.67
106 8866.67
107 8866.67
108 8866.67
109 8866.67
110 8866.67
111 8866.67
112 8866.67
113 8866.67
114 8866.67
115 8866.67
116 8866.67
117 8866.67
118 8866.67
119 8866.67
120 8866.67
121 8866.67
122 8866.67
123 8800
124 8800
125 8800
126 8800
127 8800
128 8800
129 8800
130 8800
131 8800
132 8800
133 8800
134 8800
135 8800
136 8800
137 8800
138 8800
139 8800
140 8800
141 8800
142 8800
143 8800
144 8800
145 8800
146 8800
147 8800
148 8800
149 8800
150 8800
151 8800
152 8800
153 8800
154 8800
155 8800
156 8800
157 8800
158 8800
159 8800
160 8733.33
161 8733.33
162 8733.33
163 8733.33
164 8733.33
165 8733.33
166 8733.33
167 8733.33
168 8733.33
169 8733.33
170 8733.33
171 8733.33
172 8733.33
173 8733.33
174 8733.33
175 8733.33
176 8733.33
177 8733.33
178 8733.33
179 8733.33
180 8733.33
181 8733.33
182 8733.33
183 8733.33
184 8733.33
185 8733.33
186 8733.33
187 8733.33
188 8733.33
189 8733.33
190 8733.33
191 8733.33
192 8733.33
193 8733.33
194 8733.33
195 8666.67
196 8666.67
197 8666.67
198 8666.67
199 8666.67
200 8666.67
201 8666.67
202 8666.67
203 8666.67
204 8666.67
205 8666.67
206 8666.67
207 8666.67
208 8666.67
209 8666.67
210 8666.67
211 8666.67
212 8666.67
213 8666.67
214 8666.67
215 8666.67
216 8666.67
217 8666.67
218 8666.67
219 8666.67
220 8666.67
221 8666.67
222 8666.67
223 8666.67
224 8666.67
225 8666.67
226 8666.67
227 8666.67
228 8666.67
229 8666.67
230 8666.67
231 8666.67
232 8600
233 8600
234 8600
235 8600
236 8600
237 8600
238 8600
239 8600
240 8600
241 8600
242 8600
243 8600
244 8600
245 8600
246 8600
247 8600
248 8600
249 8600
250 8600
251 8600
252 8600
253 8600
254 8600
255 8600
256 8600
257 8600
258 8600
259 8600
260 8600
261 8600
262 8600
263 8600
264 8600
265 8600
266 8600
267 8533.33
268 8533.33
269 8533.33
270 8533.33
271 8533.33
272 8533.33
273 8533.33
274 8533.33
275 8533.33
276 8533.33
277 8533.33
278 8533.33
279 8533.33
280 8533.33
281 8533.33
282 8533.33
283 8533.33
284 8533.33
285 8533.33
286 8533.33
287 8533.33
288 8533.33
289 8533.33
290 8533.33
291 8533.33
292 8533.33
293 8533.33
294 8533.33
295 8533.33
296 8533.33
297 8533.33
298 8533.33
299 8533.33
300 8533.33
301 8533.33
302 8466.67
303 8466.67
304 8466.67
305 8466.67
306 8466.67
307 8466.67
308 8466.67
309 8466.67
310 8466.67
311 8466.67
312 8466.67
313 8466.67
314 8466.67
315 8466.67
316 8466.67
317 8466.67
318 8466.67
319 8466.67
320 8466.67
321 8466.67
322 8466.67
323 8466.67
324 8466.67
325 8466.67
326 8466.67
327 8466.67
328 8466.67
329 8466.67
330 8466.67
331 8466.67
332 8466.67
333 8466.67
334 8466.67
335 8466.67
336 8466.67
337 8400
338 8400
339 8400
340 8400
341 8400
342 8400
343 8400
344 8400
345 8400
346 8400
347 8400
348 8400
349 8400
350 8400
351 8400
352 8400
353 8400
354 8400
355 8400
356 8400
357 8400
358 8400
359 8400
360 8400
361 8400
362 8400
363 8400
364 8400
365 8400
366 8400
367 8400
368 8400
369 8400
370 8400
371 8400
372 8333.33
373 8333.33
374 8333.33
375 8333.33
376 8333.33
377 8333.33
378 8333.33
379 8333.33
380 8333.33
381 8333.33
382 8333.33
383 8333.33
384 8333.33
385 8333.33
386 8333.33
387 8333.33
388 8333.33
389 8333.33
390 8333.33
391 8333.33
392 8333.33
393 8333.33
394 8333.33
395 8333.33
396 8333.33
397 8333.33
398 8333.33
399 8333.33
400 8333.33
401 8333.33
402 8333.33
403 8333.33
404 8333.33
405 8333.33
406 8266.67
407 8266.67
408 8266.67
409 8266.67
410 8266.67
411 8266.67
412 8266.67
413 8266.67
414 8266.67
415 8266.67
416 8266.67
417 8266.67
418 8266.67
419 8266.67
420 8266.67
421 8266.67
422 8266.67
423 8266.67
424 8266.67
425 8266.67
426 8266.67
427 8266.67
428 8266.67
429 8266.67
430 8266.67
431 8266.67
432 8266.67
433 8266.67
434 8266.67
435 8266.67
436 8266.67
437 8266.67
438 8266.67
439 8266.67
440 8200
441 8200
442 8200
443 8200
444 8200
445 8200
446 8200
447 8200
448 8200
449 8200
450 8200
451 8200
452 8200
453 8200
454 8200
455 8200
456 8200
457 8200
458 8200
459 8200
460 8200
461 8200
462 8200
463 8200
464 8200
465 8200
466 8200
467 8200
468 8200
469 8200
470 8200
471 8200
472 8200
473 8200
474 8200
475 8133.33
476 8133.33
477 8133.33
478 8133.33
479 8133.33
480 8133.33
481 8133.33
482 8133.33
483 8133.33
484 8133.33
485 8133.33
486 8133.33
487 8133.33
488 8133.33
489 8133.33
490 8133.33
491 8133.33
492 8133.33
493 8133.33
494 8133.33
495 8133.33
496 8133.33
497 8133.33
498 8133.33
499 8133.33
500 8133.33
