1.00 130
2.00 3666.67
3.00 3660
4.00 3660
5.00 1833.33
6.00 1840
7.00 1846.67
8.00 1853.33
9.00 1853.33
10.00 1860
11.00 1866.67
12.00 1873.33
13.00 1880
14.00 1886.67
15.00 1886.67
16.00 1893.33
17.00 1900
18.00 1906.67
19.00 1913.33
20.00 1913.33
21.00 1920
22.00 1926.67
23.00 1926.67
24.00 1933.33
25.00 1933.33
26.00 1940
27.00 1940
28.00 1946.67
29.00 1946.67
30.00 1953.33
31.00 1953.33
32.00 1960
33.00 1960
34.00 1960
35.00 1966.67
36.00 1966.67
37.00 1973.33
38.00 1973.33
39.00 1980
40.00 1980
41.00 1980
42.00 1986.67
43.00 1986.67
44.00 1986.67
45.00 1986.67
46.00 1986.67
47.00 1993.33
48.00 1993.33
49.00 2000
50.00 2000
51.00 2000
52.00 2006.67
53.00 2006.67
54.00 2013.33
55.00 2013.33
56.00 2020
57.00 2020
58.00 2026.67
59.00 2026.67
60.00 2026.67
61.00 2033.33
62.01 2033.33
63.01 2033.33
64.00 1013.33
65.00 1020
66.00 521.333
67.00 526.667
68.00 532.667
69.00 538
70.00 544
71.00 549.333
72.00 555.333
73.00 560.667
74.00 567.333
75.00 573.333
76.00 578.667
77.00 584.667
78.00 590
79.00 596
80.00 601.333
81.00 608
82.00 614
83.00 619.333
84.00 625.333
85.00 630.667
86.00 636
87.00 642
88.00 648.667
89.00 654
90.00 660
91.00 665.333
92.00 671.333
93.00 676.667
94.00 682.667
95.00 673.333
96.00 680
97.00 686.667
98.00 686.667
99.00 693.333
100.00 700
101.00 706.667
102.00 713.333
103.00 720
104.00 720
105.00 726.667
106.00 733.333
107.00 740
108.00 740
109.00 746.667
110.00 753.333
111.00 760
112.00 766.667
113.00 773.333
114.01 773.333
115.00 780
116.00 786.667
117.00 793.333
118.00 793.333
119.00 800
120.00 806.667
121.00 813.333
122.00 820
123.00 826.667
124.00 833.333
125.00 833.333
126.00 840
127.00 846.667
128.00 853.333
129.00 860
130.00 866.667
131.00 866.667
132.00 873.333
133.00 880
134.00 886.667
135.00 893.333
136.00 900
137.00 906.667
138.00 906.667
139.00 913.333
140.00 920
141.00 926.667
142.00 933.333
143.00 940
144.00 946.667
145.00 946.667
146.00 953.333
147.00 960
148.00 966.667
149.00 973.333
150.00 980
151.00 980
152.00 986.667
153.00 993.333
154.00 1000
155.00 1006.67
156.00 1006.67
157.00 1013.33
158.00 1020
159.00 1026.67
160.00 1033.33
161.00 1040
162.00 1040
163.00 1046.67
164.00 1053.33
165.00 1060
166.01 1066.67
167.00 1066.67
168.00 1073.33
169.00 1080
170.00 1086.67
171.00 1093.33
172.00 1093.33
173.00 1100
174.00 1106.67
175.00 1113.33
176.00 1120
177.00 1126.67
178.00 1133.33
179.00 1133.33
180.00 1140
181.00 1146.67
182.00 1153.33
183.00 1160
184.00 1166.67
185.00 1173.33
186.00 1173.33
187.00 1180
188.00 1186.67
189.00 1193.33
190.00 1200
191.00 1200
192.00 1206.67
193.00 1213.33
194.00 1220
195.00 1226.67
196.00 1226.67
197.00 1233.33
198.00 1240
199.00 1246.67
200.00 1246.67
201.00 1253.33
202.00 1253.33
203.00 1260
204.00 1266.67
205.00 1266.67
206.00 1273.33
207.00 1273.33
208.00 1266.67
209.00 1273.33
210.00 1280
211.00 1280
212.00 1280
213.00 1286.67
214.00 1286.67
215.00 1286.67
216.00 1286.67
217.00 1293.33
218.01 1293.33
219.00 1293.33
220.00 1293.33
221.00 1293.33
222.00 1300
223.00 1300
224.00 1300
225.00 1300
226.00 1306.67
227.00 1306.67
228.00 1306.67
229.00 1300
230.00 1300
231.00 1300
232.00 1300
233.00 1306.67
234.00 1306.67
235.00 1306.67
236.00 1306.67
237.00 1306.67
238.00 1313.33
239.00 1313.33
240.00 1313.33
241.00 1313.33
242.00 1313.33
243.00 1313.33
244.00 1313.33
245.00 1313.33
246.00 1313.33
247.00 1313.33
248.00 1313.33
249.00 1313.33
250.00 1313.33
251.00 1313.33
252.00 1313.33
253.00 1313.33
254.00 1313.33
255.00 1313.33
256.00 1313.33
257.00 1313.33
258.00 1320
259.00 1320
260.00 1320
261.00 1320
262.00 1320
263.00 1320
264.00 1326.67
265.00 1320
266.00 1320
267.00 1320
268.00 1320
269.00 1320
270.01 1320
271.00 1313.33
272.00 1313.33
273.00 1313.33
274.00 1313.33
275.00 1313.33
276.00 1320
277.00 1320
278.00 1320
279.00 1320
280.00 1320
281.00 1320
282.00 1320
283.00 1326.67
284.00 1320
285.00 1320
286.00 1320
287.00 1320
288.00 1320
289.00 1326.67
290.00 1326.67
291.00 1326.67
292.00 1326.67
293.00 1326.67
294.00 1326.67
295.00 1326.67
296.00 1326.67
297.00 1326.67
298.00 1326.67
299.00 1326.67
300.00 1326.67
301.00 1326.67
302.00 1326.67
303.00 1320
304.00 1326.67
305.00 1326.67
306.00 1320
307.00 1326.67
308.00 1326.67
309.00 1326.67
310.00 1326.67
311.00 1320
312.00 1326.67
313.00 1326.67
314.00 1326.67
315.00 1326.67
316.00 1333.33
317.00 1333.33
318.00 1333.33
319.00 1333.33
320.00 1333.33
321.00 1333.33
322.01 1333.33
323.00 1326.67
324.00 1333.33
325.00 1333.33
326.00 1333.33
327.00 1333.33
328.00 1333.33
329.00 1333.33
330.00 1333.33
331.00 1333.33
332.00 1333.33
333.00 1326.67
334.00 1333.33
335.00 1333.33
336.00 1333.33
337.00 1333.33
338.00 1333.33
339.00 1333.33
340.00 1333.33
341.00 1333.33
342.00 1333.33
343.00 1340
344.00 1333.33
345.00 1333.33
346.00 1326.67
347.00 1333.33
348.00 1333.33
349.00 1333.33
350.00 1333.33
351.00 1333.33
352.00 1333.33
353.00 1340
354.00 1340
355.00 1340
356.00 1333.33
357.00 1340
358.00 1340
359.00 1340
360.00 1340
361.00 1340
362.00 1346.67
363.00 1340
364.00 1346.67
365.00 1346.67
366.00 1346.67
367.00 1346.67
368.00 1346.67
369.00 1346.67
370.00 1346.67
371.00 1346.67
372.00 1340
373.01 1340
374.00 1340
375.00 1340
376.00 1346.67
377.00 1346.67
378.00 1346.67
379.00 1346.67
380.00 1346.67
381.00 1346.67
382.00 1346.67
383.00 1346.67
384.00 1346.67
385.00 1346.67
386.00 1346.67
387.00 1346.67
388.00 1346.67
389.00 1353.33
390.00 1346.67
391.00 1346.67
392.00 1353.33
393.00 1353.33
394.00 1353.33
395.00 1353.33
396.00 1346.67
397.00 1353.33
398.00 1353.33
399.00 1353.33
400.00 1353.33
401.00 1346.67
402.00 1353.33
403.00 1353.33
404.00 1353.33
405.00 1353.33
406.00 1353.33
407.00 1353.33
408.00 1360
409.00 1360
410.00 1360
411.00 1353.33
412.00 1353.33
413.00 1353.33
414.00 1360
415.00 1353.33
416.00 1353.33
417.00 1360
418.00 1360
419.00 1353.33
420.00 1360
421.00 1360
422.00 1360
423.00 1360
424.00 1360
425.01 1353.33
426.00 1353.33
427.00 1353.33
428.00 1360
429.00 1360
430.00 1360
431.00 1360
432.00 1360
433.00 1360
434.00 1360
435.00 1360
436.00 1366.67
437.00 1360
438.00 1366.67
439.00 1366.67
440.00 1366.67
441.00 1366.67
442.00 1366.67
443.00 1366.67
444.00 1360
445.00 1360
446.00 1360
447.00 1366.67
448.00 1366.67
449.00 1366.67
450.00 1366.67
451.00 1366.67
452.00 1366.67
453.00 1366.67
454.00 1366.67
455.00 1366.67
456.00 1366.67
457.00 1366.67
458.00 1366.67
459.00 1366.67
460.00 1366.67
461.00 1366.67
462.00 1366.67
463.00 1366.67
464.00 1366.67
465.00 1366.67
466.00 1366.67
467.00 1360
468.00 1360
469.00 1353.33
470.00 1360
471.00 1366.67
472.00 1366.67
473.00 1366.67
474.00 1366.67
475.00 1366.67
476.00 1366.67
477.01 1366.67
478.00 1366.67
479.00 1360
480.00 1360
481.00 1360
482.00 1366.67
483.00 1366.67
484.00 1366.67
485.00 1373.33
486.00 1380
487.00 1373.33
488.00 1373.33
489.00 1373.33
490.00 1373.33
491.00 1373.33
492.00 1373.33
493.00 1373.33
494.00 1380
495.00 1380
496.00 1380
497.00 1380
498.00 1380
499.00 1380
500.00 1380
