1.00 15.6
2.00 16.9
3.00 16.7
4.00 17.1
5.00 16.8
6.00 16.2
7.00 16.3
8.00 16.4
9.00 16.4
10.00 16.3
11.00 15.9
12.00 16.2
13.00 16.2
14.00 15.9
15.00 16.1
16.00 16.5
17.00 16.5
18.00 16.2
19.00 16.4
20.00 16.4
21.00 16.6
22.00 16.8
23.00 17.1
24.00 16.8
25.00 17.1
26.00 17.0
27.00 17.0
28.00 16.9
29.00 17.0
30.00 16.9
31.00 17.2
32.00 16.7
33.00 16.3
34.00 16.3
35.00 16.5
36.00 16.4
37.00 16.4
38.00 16.2
39.00 16.2
40.00 16.5
41.00 16.5
42.00 15.7
43.00 16.3
44.00 16.5
45.00 16.0
46.00 16.3
47.00 16.2
48.00 16.2
49.00 16.3
50.00 17.1
51.00 17.2
52.00 17.0
53.00 17.0
54.00 17.0
55.00 16.6
56.00 15.1
57.00 18.0
58.00 18.3
59.00 18.7
60.00 18.7
61.00 18.7
62.00 18.7
63.00 18.3
64.00 18.7
65.00 18.6
66.00 18.6
67.00 18.6
68.00 18.8
69.00 19.1
70.00 19.1
71.00 19.1
72.00 19.3
73.00 19.1
74.00 19.0
75.00 18.7
76.00 18.7
77.00 18.6
78.00 18.6
79.00 18.5
80.00 18.7
81.00 18.5
82.00 18.7
83.00 18.5
84.00 18.5
85.00 18.6
86.00 18.5
87.00 18.7
88.00 18.7
89.00 18.4
90.00 18.7
91.00 18.6
92.00 18.9
93.00 19.1
94.00 18.8
95.00 19.0
96.00 19.2
97.00 19.2
98.00 19.2
99.00 19.0
100.00 19.1
101.00 18.7
102.00 19.2
103.00 19.1
104.00 18.9
105.00 19.1
106.00 19.2
107.00 18.6
108.00 18.7
109.00 18.5
110.00 18.6
111.00 18.4
112.00 18.5
113.00 18.2
114.00 16.5
115.00 18.5
116.00 18.6
117.00 18.5
118.00 18.7
119.00 18.7
120.00 19.1
121.00 19.1
122.00 19.1
123.00 19.1
124.00 19.0
125.00 18.7
126.00 19.0
127.00 19.2
128.00 19.0
129.00 19.0
130.00 19.2
131.00 19.1
132.00 18.7
133.00 18.6
134.00 18.6
135.00 18.2
136.00 18.6
137.00 18.7
138.00 18.5
139.00 18.3
140.00 18.7
141.00 18.8
142.00 19.1
143.00 19.2
144.00 18.7
145.00 18.6
146.00 18.5
147.00 18.6
148.00 18.6
149.00 18.7
150.00 18.6
151.00 18.6
152.00 18.6
153.00 18.7
154.00 19.1
155.00 19.2
156.00 18.4
157.00 18.7
158.00 18.8
159.00 18.7
160.00 18.8
161.00 18.8
162.00 18.7
163.00 18.7
164.00 18.5
165.00 18.8
166.00 18.5
167.00 19.1
168.00 19.0
169.00 18.9
170.00 18.8
171.00 16.9
172.00 19.0
173.00 19.2
174.00 19.0
175.00 19.1
176.00 18.8
177.00 19.1
178.00 18.9
179.00 18.6
180.00 18.7
181.00 18.5
182.00 18.5
183.00 18.7
184.00 18.5
185.00 18.8
186.00 18.6
187.00 18.3
188.00 18.5
189.00 18.7
190.00 18.6
191.00 19.1
192.00 19.2
193.00 19.2
194.00 19.2
195.00 19.0
196.00 19.2
197.00 18.8
198.00 19.1
199.00 18.7
200.00 19.1
201.00 19.0
202.00 19.3
203.00 19.1
204.00 19.3
205.00 18.7
206.00 18.7
207.00 18.2
208.00 18.6
209.00 18.5
210.00 18.7
211.00 18.5
212.00 18.6
213.00 18.7
214.00 18.7
215.00 18.5
216.00 18.6
217.00 18.5
218.00 18.4
219.00 18.7
220.00 18.8
221.00 18.5
222.00 18.7
223.00 18.6
224.00 19.2
225.00 19.0
226.00 19.2
227.00 19.1
228.00 18.6
229.00 16.9
230.00 18.7
231.00 18.8
232.00 19.0
233.00 18.7
234.00 19.1
235.00 18.9
236.00 18.8
237.00 19.0
238.00 18.7
239.00 18.9
240.00 19.5
241.00 19.3
242.00 19.3
243.00 19.4
244.00 19.3
245.00 19.3
246.00 19.4
247.00 19.4
248.00 19.1
249.00 18.8
250.00 18.8
251.00 18.9
252.00 19.1
253.00 18.8
254.00 18.9
255.00 18.8
256.00 19.0
257.00 18.9
258.00 19.0
259.00 18.6
260.00 18.8
261.00 18.9
262.00 18.9
263.00 19.1
264.00 18.9
265.00 19.3
266.00 19.5
267.00 19.3
268.00 19.2
269.00 19.2
270.00 19.4
271.00 19.5
272.00 19.3
273.00 19.5
274.00 19.5
275.00 19.4
276.00 19.4
277.00 19.3
278.00 19.4
279.00 18.9
280.00 18.6
281.00 18.8
282.00 18.7
283.00 18.7
284.00 18.6
285.00 18.8
286.00 18.4
287.00 14.8
288.00 17.4
289.00 18.6
290.00 18.5
291.00 18.7
292.00 18.7
293.00 19.0
294.00 19.2
295.00 19.1
296.00 19.1
297.00 19.2
298.00 19.0
299.00 19.2
300.00 18.9
301.00 19.2
302.00 19.1
303.00 19.1
304.00 18.7
305.00 18.8
306.00 18.7
307.00 18.8
308.00 18.8
309.00 18.6
310.00 18.7
311.00 18.5
312.00 18.6
313.00 18.6
314.00 19.0
315.00 19.1
316.00 19.0
317.00 19.1
318.00 18.5
319.00 18.4
320.00 18.6
321.00 18.3
322.00 18.7
323.00 18.7
324.00 18.8
325.00 18.8
326.00 19.0
327.00 18.8
328.00 18.8
329.00 18.7
330.00 18.9
331.00 18.9
332.00 19.0
333.00 18.9
334.00 18.9
335.00 18.8
336.00 18.7
337.00 18.8
338.00 19.2
339.00 19.2
340.00 19.2
341.00 19.2
342.00 18.9
343.00 19.1
344.00 17.1
345.00 19.4
346.00 19.3
347.00 19.3
348.00 19.5
349.00 19.2
350.00 19.4
351.00 19.3
352.00 19.2
353.00 18.9
354.00 19.0
355.00 18.8
356.00 18.6
357.00 18.8
358.00 18.1
359.00 18.7
360.00 18.9
361.00 17.9
362.00 18.7
363.00 19.2
364.00 19.1
365.00 18.9
366.00 18.7
367.00 18.8
368.00 18.7
369.00 18.7
370.00 18.9
371.00 18.7
372.00 18.5
373.00 18.6
374.00 18.8
375.00 18.9
376.00 19.1
377.00 19.0
378.00 18.7
379.00 18.7
380.00 18.9
381.00 18.8
382.00 18.9
383.00 18.6
384.00 18.5
385.00 19.0
386.00 18.7
387.00 19.0
388.00 19.3
389.00 19.1
390.00 19.4
391.00 19.3
392.00 19.4
393.00 19.0
394.00 19.3
395.00 19.4
396.00 19.2
397.00 19.5
398.00 19.3
399.00 19.3
400.00 19.2
401.00 19.1
402.00 14.8
403.00 18.7
404.00 18.1
405.00 18.4
406.00 17.6
407.00 17.9
408.00 18.7
409.00 17.7
410.00 18.7
411.00 17.7
412.00 18.8
413.00 18.9
414.00 18.5
415.00 18.8
416.00 18.9
417.00 18.9
418.00 18.7
419.00 18.8
420.00 18.7
421.00 18.8
422.00 19.0
423.00 19.4
424.00 19.3
425.00 19.1
426.00 19.2
427.00 18.9
428.00 18.7
429.00 18.9
430.00 18.9
431.00 18.7
432.00 18.8
433.00 18.9
434.00 18.9
435.00 18.5
436.00 18.9
437.00 19.4
438.00 19.0
439.00 19.0
440.00 19.3
441.00 19.3
442.00 19.2
443.00 19.3
444.00 19.4
445.00 19.3
446.00 18.2
447.00 19.4
448.00 19.2
449.00 19.5
450.00 19.3
451.00 19.1
452.00 18.8
453.00 18.9
454.00 18.8
455.00 19.0
456.00 18.6
457.00 18.8
458.00 18.7
459.00 18.6
460.00 16.8
461.00 18.8
462.00 18.8
463.00 18.9
464.00 18.7
465.00 18.8
466.00 18.6
467.00 18.8
468.00 18.8
469.00 19.1
470.00 19.5
471.00 19.4
472.00 19.4
473.00 19.4
474.00 19.4
475.00 19.4
476.00 18.8
477.00 18.6
478.00 18.7
479.00 18.9
480.00 18.7
481.00 18.8
482.00 19.0
483.00 18.9
484.00 17.6
485.00 18.8
486.00 19.2
487.00 19.1
488.00 19.3
489.00 19.4
490.00 18.3
491.00 19.3
492.00 19.4
493.00 19.4
494.00 19.2
495.00 19.4
496.00 19.4
497.00 19.3
498.00 19.3
499.00 19.1
500.00 19.1
500.05 14.5
