1.00 20.7333
2.00 332
3.00 2206.67
4.00 11800
5.00 20733.3
6.00 20733.3
7.00 20733.3
8.00 20733.3
9.00 20733.3
10.00 20733.3
11.00 20733.3
12.00 20733.3
13.00 20733.3
14.00 20733.3
15.00 20733.3
16.00 20666.7
17.00 20666.7
18.00 20666.7
19.00 20666.7
20.00 20666.7
21.00 20666.7
22.00 20666.7
23.00 20666.7
24.00 20666.7
25.00 20666.7
26.00 20666.7
27.00 20666.7
28.00 20666.7
29.00 20666.7
30.00 20666.7
31.00 20666.7
32.00 20666.7
33.00 20666.7
34.00 20666.7
35.00 20666.7
36.00 20666.7
37.00 20666.7
38.00 20666.7
39.00 20666.7
40.00 20666.7
41.00 20666.7
42.00 20666.7
43.00 20666.7
44.00 20666.7
45.00 20666.7
46.00 20666.7
47.00 20666.7
48.00 20666.7
49.00 20666.7
50.00 20666.7
51.00 20666.7
52.00 20666.7
53.00 20666.7
54.00 20666.7
55.00 20666.7
56.00 20666.7
57.00 20666.7
58.00 20666.7
59.00 20600
60.00 20600
61.00 20600
62.00 20600
63.00 20600
64.00 20600
65.01 20600
66.02 20600
67.00 20600
68.01 20600
69.00 6800
70.00 10333.3
71.00 10333.3
72.00 10333.3
73.00 10333.3
74.00 10333.3
75.00 10333.3
76.00 10333.3
77.00 10333.3
78.00 10266.7
79.00 10266.7
80.00 10266.7
81.00 10266.7
82.00 10266.7
83.00 10266.7
84.00 10266.7
85.00 10266.7
86.00 10266.7
87.00 10266.7
88.00 10266.7
89.00 10266.7
90.00 10266.7
91.00 10266.7
92.00 10266.7
93.00 10266.7
94.00 10266.7
95.00 10266.7
96.00 10266.7
97.00 10266.7
98.00 10266.7
99.00 10266.7
100.00 10266.7
101.00 10266.7
102.00 10266.7
103.00 10266.7
104.00 10266.7
105.00 10266.7
106.00 10266.7
107.00 10266.7
108.00 10266.7
109.00 10266.7
110.00 10266.7
111.00 10266.7
112.00 10266.7
113.00 10266.7
114.00 10266.7
115.00 10266.7
116.00 10266.7
117.00 10266.7
118.00 10266.7
119.00 10200
120.00 10200
121.00 10200
122.00 10200
123.00 10200
124.00 10200
125.00 10200
126.00 10200
127.00 10200
128.00 10200
129.00 10200
130.00 10200
131.00 10200
132.00 10200
133.00 10200
134.00 10200
135.00 10200
136.00 10200
137.00 10200
138.00 10200
139.00 10200
140.00 10200
141.00 10200
142.00 10200
143.00 10200
144.00 10200
145.00 10200
146.00 10200
147.00 10200
148.00 10200
149.00 10200
150.00 10200
151.00 10200
152.00 10200
153.00 10200
154.00 10200
155.00 10200
156.00 10200
157.00 10200
158.00 10200
159.00 10200
160.00 10133.3
161.00 10133.3
162.00 10133.3
163.00 10133.3
164.00 10133.3
165.00 10133.3
166.00 10133.3
167.00 10133.3
168.00 10133.3
169.00 10133.3
170.00 10133.3
171.00 10133.3
172.00 10133.3
173.00 10133.3
174.00 10133.3
175.00 10133.3
176.00 10133.3
177.00 10133.3
178.00 10133.3
179.00 10133.3
180.00 10133.3
181.00 10133.3
182.00 10133.3
183.00 10133.3
184.00 10133.3
185.00 10133.3
186.00 10133.3
187.00 10133.3
188.00 10133.3
189.00 10133.3
190.00 10133.3
191.00 10133.3
192.00 10133.3
193.00 10133.3
194.00 10133.3
195.00 10133.3
196.00 10133.3
197.00 10133.3
198.00 10133.3
199.00 10133.3
200.00 10066.7
201.00 10066.7
202.00 10066.7
203.00 10066.7
204.00 10066.7
205.00 10066.7
206.00 10066.7
207.00 10066.7
208.00 10066.7
209.00 10066.7
210.00 10066.7
211.00 10066.7
212.00 10066.7
213.00 10066.7
214.00 10066.7
215.00 10066.7
216.00 10066.7
217.00 10066.7
218.00 10066.7
219.00 10066.7
220.00 10066.7
221.00 10066.7
222.00 10066.7
223.00 10066.7
224.00 10066.7
225.00 10066.7
226.00 10066.7
227.00 10066.7
228.00 10066.7
229.00 10066.7
230.00 10066.7
231.00 10066.7
232.00 10066.7
233.00 10066.7
234.00 10066.7
235.00 10066.7
236.00 10066.7
237.00 10066.7
238.00 10066.7
239.00 10066.7
240.00 10000
241.00 10000
242.00 10000
243.00 10000
244.00 10000
245.00 10000
246.00 10000
247.00 10000
248.00 10000
249.00 10000
250.00 10000
251.00 10000
252.00 10000
253.00 10000
254.00 10000
255.00 10000
256.00 10000
257.00 10000
258.00 10000
259.00 10000
260.00 10000
261.00 10000
262.00 10000
263.00 10000
264.00 10000
265.00 10000
266.00 10000
267.00 10000
268.00 10000
269.00 10000
270.00 10000
271.00 10000
272.00 10000
273.00 10000
274.00 10000
275.00 10000
276.00 10000
277.00 10000
278.00 10000
279.00 9933.33
280.00 9933.33
281.00 9933.33
282.00 9933.33
283.00 9933.33
284.00 9933.33
285.00 9933.33
286.00 9933.33
287.00 9933.33
288.00 9933.33
289.00 9933.33
290.00 9933.33
291.00 9933.33
292.00 9933.33
293.00 9933.33
294.00 9933.33
295.00 9933.33
296.00 9933.33
297.00 9933.33
298.00 9933.33
299.00 9933.33
300.00 9933.33
301.00 9933.33
302.00 9933.33
303.00 9933.33
304.00 9933.33
305.00 9933.33
306.00 9933.33
307.00 9933.33
308.00 9933.33
309.00 9933.33
310.00 9933.33
311.00 9933.33
312.00 9933.33
313.00 9933.33
314.00 9933.33
315.00 9933.33
316.00 9933.33
317.00 9933.33
318.00 9933.33
319.00 9866.67
320.00 9866.67
321.00 9866.67
322.00 9866.67
323.00 9866.67
324.00 9866.67
325.00 9866.67
326.00 9866.67
327.00 9866.67
328.00 9866.67
329.00 9866.67
330.00 9866.67
331.00 9866.67
332.00 9866.67
333.00 9866.67
334.00 9866.67
335.00 9866.67
336.00 9866.67
337.00 9866.67
338.00 9866.67
339.00 9866.67
340.00 9866.67
341.00 9866.67
342.00 9866.67
343.00 9866.67
344.00 9866.67
345.00 9866.67
346.00 9866.67
347.00 9866.67
348.00 9866.67
349.00 9866.67
350.00 9866.67
351.00 9866.67
352.00 9866.67
353.00 9866.67
354.00 9866.67
355.00 9866.67
356.00 9866.67
357.00 9866.67
358.00 9800
359.00 9800
360.00 9800
361.00 9800
362.00 9800
363.00 9800
364.00 9800
365.00 9800
366.00 9800
367.00 9800
368.00 9800
369.00 9800
370.00 9800
371.00 9800
372.00 9800
373.00 9800
374.00 9800
375.00 9800
376.00 9800
377.00 9800
378.00 9800
379.00 9800
380.00 9800
381.00 9800
382.00 9800
383.00 9800
384.00 9800
385.00 9800
386.00 9800
387.00 9800
388.00 9800
389.00 9800
390.00 9800
391.00 9800
392.00 9800
393.00 9800
394.00 9800
395.00 9800
396.00 9800
397.00 9733.33
398.00 9733.33
399.00 9733.33
400.00 9733.33
401.00 9733.33
402.00 9733.33
403.00 9733.33
404.00 9733.33
405.00 9733.33
406.00 9733.33
407.00 9733.33
408.00 9733.33
409.00 9733.33
410.00 9733.33
411.00 9733.33
412.00 9733.33
413.00 9733.33
414.00 9733.33
415.00 9733.33
416.00 9733.33
417.00 9733.33
418.00 9733.33
419.00 9733.33
420.00 9733.33
421.00 9733.33
422.00 9733.33
423.00 9733.33
424.00 9733.33
425.00 9733.33
426.00 9733.33
427.00 9733.33
428.00 9733.33
429.00 9733.33
430.00 9733.33
431.00 9733.33
432.00 9733.33
433.00 9733.33
434.00 9733.33
435.00 9733.33
436.00 9666.67
437.00 9666.67
438.00 9666.67
439.00 9666.67
440.00 9666.67
441.00 9666.67
442.00 9666.67
443.00 9666.67
444.00 9666.67
445.00 9666.67
446.00 9666.67
447.00 9666.67
448.00 9666.67
449.00 9666.67
450.00 9666.67
451.00 9666.67
452.00 9666.67
453.00 9666.67
454.00 9666.67
455.00 9666.67
456.00 9666.67
457.00 9666.67
458.00 9666.67
459.00 9666.67
460.00 9666.67
461.00 9666.67
462.00 9666.67
463.00 9666.67
464.00 9666.67
465.00 9666.67
466.00 9666.67
467.00 9666.67
468.00 9666.67
469.00 9666.67
470.00 9666.67
471.00 9666.67
472.00 9666.67
473.00 9666.67
474.00 9600
475.00 9600
476.00 9600
477.00 9600
478.00 9600
479.00 9600
480.00 9600
481.00 9600
482.00 9600
483.00 9600
484.00 9600
485.00 9600
486.00 9600
487.00 9600
488.00 9600
489.00 9600
490.00 9600
491.00 9600
492.00 9600
493.00 9600
494.00 9600
495.00 9600
496.00 9600
497.00 9600
498.00 9600
499.00 9600
500.00 9600
