63 1673.33
64 953.333
65 933.333
66 913.333
67 900
68 880
69 860
70 840
71 820
72 800
73 780
74 760
75 746.667
76 740
77 720
78 713.333
79 706.667
80 693.333
81 680
82 673.333
83 676.667
84 667.333
85 658.667
86 653.333
87 644
88 634.667
89 634.667
90 622
91 615.333
92 608.667
93 598.667
94 594
95 592
96 588
97 580.667
98 576.667
99 568.667
100 562
101 555.333
102 548.667
103 542.667
104 538
105 536.667
106 535.333
107 535.333
108 526
109 526
110 523.333
111 522
112 522
113 522
114 518.667
115 514
116 507.333
117 509.333
118 508
119 509.333
120 509.333
121 505.333
122 503.333
123 496
124 496
125 496.667
126 496
127 494.667
128 492
129 496
130 493.333
131 494
132 492
133 488
134 485.333
135 484.667
136 484.667
137 482.667
138 482
139 484.667
140 483.333
141 483.333
142 483.333
143 485.333
144 487.333
145 485.333
146 485.333
147 486.667
148 484.667
149 488
150 482.667
151 478.667
152 480.667
153 483.333
154 478.667
155 480
156 478.667
157 484.667
158 484.667
159 486.667
160 482.667
161 482.667
162 484.667
163 482.667
164 480.667
165 480.667
166 480.667
167 480
168 480
169 480
170 474
171 470.667
172 468.667
173 466.667
174 467.333
175 466
176 464
177 466
178 466.667
179 467.333
180 466
181 466
182 464
183 466
184 466
185 466
186 464
187 464.667
188 460.667
189 462
190 462
191 458
192 452.667
193 456
194 457.333
195 460.667
196 458
197 460.667
198 462.667
199 460
200 457.333
201 458
202 460.667
203 459.333
204 459.333
205 455.333
206 454.667
207 450.667
208 453.333
209 458
210 456
211 457.333
212 456
213 459.333
214 458
215 457.333
216 456
217 462.667
218 457.333
219 458
220 455.333
221 455.333
222 455.333
223 458
224 453.333
225 456
226 452.667
227 453.333
228 454.667
229 456
230 455.333
231 460
232 457.333
233 460
234 456
235 458
236 462
237 459.333
238 457.333
239 459.333
240 459.333
241 458
242 458
243 457.333
244 456
245 460
246 460
247 460
248 460
249 460.667
250 464.667
251 460
252 460.667
253 459.333
254 459.333
255 457.333
256 458
257 460
258 457.333
259 458
260 455.333
261 452.667
262 456
263 456
264 457.333
265 456
266 459.333
267 460
268 455.333
269 454.667
270 454.667
271 458
272 459.333
273 457.333
274 460
275 460.667
276 457.333
277 460
278 458
279 460
280 456
281 456
282 460.667
283 460
284 459.333
285 460.667
286 460
287 457.333
288 460.667
289 464
290 460.667
291 457.333
292 459.333
293 459.333
294 456
295 456
296 457.333
297 460
298 460.667
299 460.667
300 458
301 460.667
302 457.333
303 458
304 457.333
305 457.333
306 459.333
307 460
308 460.667
309 456
310 457.333
311 458
312 454.667
313 458
314 459.333
315 460
316 459.333
317 458
318 458
319 460.667
320 462.667
321 459.333
322 460.667
323 462
324 464.667
325 460.667
326 455.333
327 462.667
328 462.667
329 457.333
330 457.333
331 460.667
332 459.333
333 459.333
334 456
335 456
336 460.667
337 460.667
338 457.333
339 457.333
340 454.667
341 456
342 453.333
343 452.667
344 452.667
345 457.333
346 455.333
347 462
348 458
349 464.667
350 459.333
351 462
352 459.333
353 462
354 462
355 458
356 456
357 460
358 460
359 460
360 459.333
361 455.333
362 453.333
363 457.333
364 455.333
365 455.333
366 455.333
367 455.333
368 454.667
369 454.667
370 455.333
371 454.667
372 457.333
373 459.333
374 459.333
375 456
376 457.333
377 457.333
378 457.333
379 458
380 456
381 457.333
382 457.333
383 456
384 460
385 462.667
386 458
387 459.333
388 460.667
389 462
390 454.667
391 456
392 457.333
393 455.333
394 460
395 456
396 459.333
397 458
398 462
399 462.667
400 460
401 462
402 462
403 462.667
404 460.667
405 458
406 458
407 458
408 460.667
409 460
410 458
411 459.333
412 460.667
413 462
414 459.333
415 456
416 454.667
417 456
418 450.667
419 453.333
420 456
421 451.333
422 450.667
423 452.667
424 454.667
425 454.667
426 454.667
427 454.667
428 457.333
429 459.333
430 453.333
431 453.333
432 452.667
433 454.667
434 452.667
435 452.667
436 448.667
437 444
438 446.667
439 448.667
440 450.667
441 448
442 450
443 451.333
444 450
445 448.667
446 444.667
447 448
448 448.667
449 452.667
450 446
451 448
452 443.333
453 450
454 450.667
455 448.667
456 448
457 444.667
458 446
459 450.667
460 450
461 452.667
462 452.667
463 444.667
464 450.667
465 448
466 450.667
467 243.333
468 264.667
469 286.667
470 308
471 330.667
472 352.667
473 374
474 393.333
475 410
476 423.333
477 423.333
478 425.333
479 423.333
480 424
481 420.667
482 421.333
483 424
484 420.667
485 421.333
486 424
487 424
488 423.333
489 425.333
490 421.333
491 416
492 417.333
493 416
494 419.333
495 416
496 419.333
497 412.667
498 416.667
499 419.333
500 421.333
