1.00 16.7
2.00 16.5
3.00 16.8
4.00 17.2
5.00 17.1
6.00 16.7
7.00 16.5
8.00 16.5
9.00 16.5
10.00 16.8
11.00 16.7
12.00 16.0
13.00 16.3
14.00 16.4
15.00 16.5
16.00 17.1
17.00 17.0
18.00 17.2
19.00 16.9
20.00 17.2
21.00 17.2
22.00 17.2
23.00 16.7
24.00 17.2
25.00 17.0
26.00 17.0
27.00 17.2
28.00 17.4
29.00 17.2
30.00 17.1
31.00 17.2
32.00 17.0
33.00 16.6
34.00 16.5
35.00 16.4
36.00 16.5
37.00 16.5
38.00 16.6
39.00 16.6
40.00 16.5
41.00 16.5
42.00 16.8
43.00 16.5
44.00 17.2
45.00 17.2
46.00 16.7
47.00 16.7
48.00 16.6
49.00 16.5
50.00 16.6
51.00 16.5
52.00 16.6
53.00 16.5
54.00 16.0
55.00 16.2
56.00 14.8
57.00 17.2
58.00 16.9
59.00 17.2
60.00 17.2
61.00 17.3
62.00 16.6
63.00 16.8
64.00 16.6
65.00 16.7
66.00 16.5
67.00 17.0
68.00 16.9
69.00 16.7
70.00 17.0
71.00 16.8
72.00 16.7
73.00 17.0
74.00 16.9
75.00 17.2
76.00 17.3
77.00 17.3
78.00 17.3
79.00 17.3
80.00 17.0
81.00 17.5
82.00 17.2
83.00 17.2
84.00 17.2
85.00 16.7
86.00 17.2
87.00 16.4
88.00 16.5
89.00 16.4
90.00 16.4
91.00 16.5
92.00 16.6
93.00 16.7
94.00 16.6
95.00 16.1
96.00 16.4
97.00 16.4
98.00 16.7
99.00 16.6
100.00 16.6
101.00 17.1
102.00 17.2
103.00 17.2
104.00 17.2
105.00 16.8
106.00 17.2
107.00 17.4
108.00 17.3
109.00 17.0
110.00 17.1
111.00 17.2
112.00 17.3
113.00 17.0
114.00 15.2
115.00 16.7
116.00 16.9
117.00 17.2
118.00 17.4
119.00 17.0
120.00 16.9
121.00 16.6
122.00 16.7
123.00 16.5
124.00 16.8
125.00 16.7
126.00 16.3
127.00 16.5
128.00 16.7
129.00 16.5
130.00 16.6
131.00 16.6
132.00 16.4
133.00 16.4
134.00 16.6
135.00 16.4
136.00 16.2
137.00 16.5
138.00 16.8
139.00 17.2
140.00 17.2
141.00 16.9
142.00 17.3
143.00 17.3
144.00 17.2
145.00 16.7
146.00 17.0
147.00 16.7
148.00 17.0
149.00 16.4
150.00 16.4
151.00 16.3
152.00 16.5
153.00 16.4
154.00 16.6
155.00 16.2
156.00 16.7
157.00 16.4
158.00 16.5
159.00 17.2
160.00 17.2
161.00 17.2
162.00 17.3
163.00 16.6
164.00 17.1
165.00 17.3
166.00 17.3
167.00 16.8
168.00 17.1
169.00 16.5
170.00 16.3
171.00 14.4
172.00 16.2
173.00 16.1
174.00 16.5
175.00 16.4
176.00 16.4
177.00 16.3
178.00 16.1
179.00 16.1
180.00 16.3
181.00 16.6
182.00 16.6
183.00 16.1
184.00 16.6
185.00 16.7
186.00 16.6
187.00 16.9
188.00 16.7
189.00 16.7
190.00 16.6
191.00 16.5
192.00 16.7
193.00 16.1
194.00 16.8
195.00 16.8
196.00 17.1
197.00 17.3
198.00 17.0
199.00 17.3
200.00 17.2
201.00 17.4
202.00 17.2
203.00 17.2
204.00 16.9
205.00 17.2
206.00 16.4
207.00 16.7
208.00 16.5
209.00 16.3
210.00 16.5
211.00 16.7
212.00 16.8
213.00 16.6
214.00 16.2
215.00 16.8
216.00 16.4
217.00 16.5
218.00 16.9
219.00 16.5
220.00 16.9
221.00 17.3
222.00 17.1
223.00 17.0
224.00 17.3
225.00 17.1
226.00 17.1
227.00 17.1
228.00 17.0
229.00 14.8
230.00 17.0
231.00 17.2
232.00 16.4
233.00 16.6
234.00 16.7
235.00 16.5
236.00 16.5
237.00 16.6
238.00 16.4
239.00 16.6
240.00 16.4
241.00 16.3
242.00 16.5
243.00 16.7
244.00 16.9
245.00 17.1
246.00 17.0
247.00 17.1
248.00 17.0
249.00 17.3
250.00 16.9
251.00 17.3
252.00 16.9
253.00 16.8
254.00 17.2
255.00 17.3
256.00 17.2
257.00 17.2
258.00 17.1
259.00 16.8
260.00 16.8
261.00 16.5
262.00 16.5
263.00 16.4
264.00 16.6
265.00 16.4
266.00 16.7
267.00 16.4
268.00 16.4
269.00 16.9
270.00 17.2
271.00 17.0
272.00 17.1
273.00 16.8
274.00 17.1
275.00 17.1
276.00 17.3
277.00 17.0
278.00 17.2
279.00 17.1
280.00 17.1
281.00 16.8
282.00 17.2
283.00 17.0
284.00 16.7
285.00 16.9
286.00 16.3
287.00 14.5
288.00 16.6
289.00 16.7
290.00 16.5
291.00 16.6
292.00 16.6
293.00 16.5
294.00 16.8
295.00 16.8
296.00 16.9
297.00 17.2
298.00 17.2
299.00 13.6
300.00 13.7
301.00 13.7
302.00 15.4
303.00 17.1
304.00 17.2
305.00 17.1
306.00 17.2
307.00 17.1
308.00 16.4
309.00 16.3
310.00 16.8
311.00 16.6
312.00 16.2
313.00 16.4
314.00 16.4
315.00 16.4
316.00 16.3
317.00 16.7
318.00 16.5
319.00 16.7
320.00 16.4
321.00 16.5
322.00 16.6
323.00 17.0
324.00 17.3
325.00 17.1
326.00 17.0
327.00 16.9
328.00 17.3
329.00 17.1
330.00 17.1
331.00 17.2
332.00 17.2
333.00 16.3
334.00 16.7
335.00 16.5
336.00 16.6
337.00 16.4
338.00 16.7
339.00 16.6
340.00 16.7
341.00 16.5
342.00 16.4
343.00 16.2
344.00 14.3
345.00 16.5
346.00 16.7
347.00 16.5
348.00 16.4
349.00 17.0
350.00 17.3
351.00 17.2
352.00 17.2
353.00 16.9
354.00 17.1
355.00 17.0
356.00 16.9
357.00 16.6
358.00 16.4
359.00 16.3
360.00 16.4
361.00 16.5
362.00 16.1
363.00 15.9
364.00 16.1
365.00 16.5
366.00 16.4
367.00 16.7
368.00 16.8
369.00 16.8
370.00 16.6
371.00 16.9
372.00 16.5
373.00 16.3
374.00 16.3
375.00 16.9
376.00 17.0
377.00 17.2
378.00 17.2
379.00 17.4
380.00 17.2
381.00 17.0
382.00 16.7
383.00 16.7
384.00 16.3
385.00 16.8
386.00 16.7
387.00 16.7
388.00 16.7
389.00 16.7
390.00 16.6
391.00 16.6
392.00 16.8
393.00 16.7
394.00 16.4
395.00 16.4
396.00 17.0
397.00 16.6
398.00 16.7
399.00 17.0
400.00 16.5
401.00 16.6
402.00 14.7
403.00 17.3
404.00 17.4
405.00 17.0
406.00 17.0
407.00 16.5
408.00 16.6
409.00 16.8
410.00 16.3
411.00 16.9
412.00 16.4
413.00 16.8
414.00 16.4
415.00 16.2
416.00 16.7
417.00 17.2
418.00 17.0
419.00 16.7
420.00 16.8
421.00 16.5
422.00 16.5
423.00 16.5
424.00 16.9
425.00 16.5
426.00 16.5
427.00 16.6
428.00 16.8
429.00 16.9
430.00 17.1
431.00 16.4
432.00 15.9
433.00 16.5
434.00 16.6
435.00 16.4
436.00 16.4
437.00 16.5
438.00 16.8
439.00 16.5
440.00 16.6
441.00 16.8
442.00 17.1
443.00 17.2
444.00 17.0
445.00 16.7
446.00 16.2
447.00 16.7
448.00 16.8
449.00 16.5
450.00 16.6
451.00 16.5
452.00 16.6
453.00 16.5
454.00 16.7
455.00 16.6
456.00 16.6
457.00 16.5
458.00 16.6
459.00 16.2
460.00 14.7
461.00 16.6
462.00 16.6
463.00 16.6
464.00 16.4
465.00 16.8
466.00 17.3
467.00 16.8
468.00 17.1
469.00 17.2
470.00 17.2
471.00 17.1
472.00 16.5
473.00 16.8
474.00 16.4
475.00 16.6
476.00 16.7
477.00 16.4
478.00 16.7
479.00 16.5
480.00 16.7
481.00 16.2
482.00 16.6
483.00 16.5
484.00 16.9
485.00 16.8
486.00 16.4
487.00 16.4
488.00 16.3
489.00 16.7
490.00 16.6
491.00 16.7
492.00 16.6
493.00 16.4
494.00 16.8
495.00 17.1
496.00 17.1
497.00 17.1
498.00 16.7
499.00 16.6
500.00 16.6
500.04 16.6
