1.00 16.0
2.00 16.9
3.00 16.6
4.00 17.2
5.00 17.1
6.00 16.0
7.00 16.3
8.00 16.4
9.00 16.4
10.00 16.4
11.00 15.8
12.00 16.1
13.00 16.3
14.00 16.1
15.00 16.2
16.00 16.5
17.00 16.4
18.00 16.3
19.00 16.5
20.00 16.8
21.00 16.5
22.00 16.8
23.00 17.2
24.00 17.0
25.00 17.2
26.00 17.0
27.00 17.1
28.00 16.9
29.00 17.0
30.00 17.0
31.00 17.2
32.00 17.0
33.00 16.4
34.00 16.4
35.00 16.4
36.00 16.5
37.00 16.3
38.00 16.4
39.00 16.3
40.00 16.6
41.00 16.3
42.00 15.6
43.00 16.3
44.00 16.2
45.00 16.2
46.00 16.3
47.00 16.5
48.00 16.3
49.00 16.2
50.00 17.2
51.00 17.3
52.00 17.2
53.00 17.0
54.01 17.3
55.00 16.6
56.00 15.1
57.00 15.7
58.00 13.7
59.00 13.9
60.00 13.9
61.00 14.0
62.00 14.1
63.00 13.8
64.00 14.1
65.00 14.0
66.00 14.0
67.00 14.0
68.00 14.3
69.00 14.4
70.00 14.3
71.00 14.3
72.00 14.4
73.00 14.0
74.00 14.1
75.00 14.1
76.00 14.1
77.00 14.0
78.00 13.9
79.00 13.8
80.00 14.0
81.00 13.9
82.00 14.1
83.00 13.8
84.00 14.0
85.00 13.9
86.00 14.1
87.00 13.9
88.00 13.9
89.00 13.9
90.00 14.2
91.00 14.0
92.00 14.1
93.00 14.4
94.00 14.2
95.00 14.3
96.00 14.4
97.00 14.5
98.00 14.4
99.00 14.2
100.00 14.5
101.00 14.1
102.00 14.2
103.00 14.3
104.00 14.3
105.00 14.3
106.00 14.2
107.00 14.1
108.00 14.1
109.00 13.8
110.00 14.0
111.00 14.0
112.00 14.0
113.00 13.7
114.00 12.3
115.00 14.0
116.00 14.0
117.00 13.8
118.00 14.0
119.00 14.2
120.00 14.3
121.00 14.2
122.00 14.4
123.00 14.3
124.00 14.1
125.00 14.3
126.00 14.3
127.00 14.4
128.00 14.2
129.00 14.5
130.00 14.3
131.00 14.2
132.00 14.2
133.00 14.1
134.00 14.0
135.00 13.7
136.00 14.1
137.00 14.1
138.00 13.7
139.00 13.9
140.00 14.1
141.00 14.1
142.00 14.3
143.00 14.5
144.00 14.0
145.00 13.9
146.00 13.9
147.00 14.1
148.00 14.0
149.00 14.0
150.00 14.2
151.00 14.1
152.00 14.0
153.00 13.9
154.00 14.4
155.00 14.4
156.00 13.8
157.00 14.2
158.00 14.2
159.00 14.0
160.00 13.9
161.00 14.2
162.00 14.1
163.00 14.1
164.00 14.0
165.00 14.2
166.00 14.0
167.00 14.2
168.00 14.4
169.01 14.4
170.00 14.2
171.00 12.9
172.00 14.4
173.00 14.5
174.00 14.2
175.00 14.5
176.00 13.9
177.00 14.2
178.00 14.2
179.00 14.1
180.00 14.0
181.00 13.9
182.00 14.1
183.00 14.1
184.00 14.0
185.00 14.1
186.00 14.0
187.00 13.8
188.00 13.8
189.00 14.0
190.00 14.2
191.00 14.4
192.00 14.3
193.00 14.5
194.00 14.4
195.00 14.3
196.00 14.3
197.00 14.2
198.00 14.2
199.00 14.2
200.00 14.3
201.00 14.4
202.00 14.2
203.00 14.2
204.00 14.5
205.00 14.2
206.00 14.0
207.00 13.9
208.00 14.1
209.00 13.9
210.00 14.0
211.00 14.1
212.00 14.1
213.00 14.0
214.00 14.0
215.00 14.0
216.00 14.1
217.00 14.0
218.00 14.1
219.00 14.0
220.00 14.0
221.00 14.0
222.00 14.2
223.00 14.0
224.00 14.3
225.00 14.4
226.00 14.4
227.01 14.2
228.00 14.0
229.00 12.7
230.00 14.1
231.00 13.8
232.00 14.2
233.00 14.2
234.00 14.1
235.00 14.0
236.00 14.1
237.00 14.1
238.00 13.8
239.00 14.0
240.00 14.6
241.00 14.4
242.00 14.5
243.00 14.5
244.00 14.6
245.00 14.4
246.00 14.5
247.00 14.5
248.00 14.3
249.00 13.8
250.00 14.3
251.00 14.1
252.00 14.0
253.00 14.0
254.00 14.1
255.00 14.1
256.00 14.0
257.00 14.1
258.00 14.0
259.00 13.7
260.00 14.1
261.00 14.2
262.00 14.2
263.00 14.1
264.00 14.1
265.00 14.5
266.00 14.4
267.00 14.4
268.00 14.5
269.00 14.3
270.00 14.4
271.00 14.6
272.00 14.5
273.00 14.5
274.00 14.3
275.00 14.6
276.00 14.5
277.00 14.4
278.00 14.5
279.00 14.2
280.00 13.8
281.00 14.0
282.00 14.1
283.00 14.1
284.00 13.9
285.01 14.1
286.00 13.9
287.00 11.1
288.00 12.8
289.00 14.0
290.00 13.8
291.00 14.1
292.00 13.9
293.00 14.3
294.00 14.3
295.00 14.3
296.00 14.3
297.00 14.5
298.00 14.3
299.00 14.3
300.00 14.2
301.00 14.4
302.00 14.2
303.00 14.4
304.00 14.0
305.00 14.1
306.00 13.9
307.00 14.1
308.00 13.9
309.00 14.0
310.00 13.9
311.00 13.8
312.00 13.7
313.00 13.7
314.00 14.2
315.00 14.2
316.00 14.1
317.00 14.1
318.00 13.8
319.00 13.6
320.00 13.7
321.00 13.6
322.00 14.2
323.00 14.1
324.00 14.0
325.00 14.1
326.00 14.2
327.00 14.0
328.00 14.1
329.00 14.1
330.00 14.1
331.00 13.7
332.00 14.2
333.00 14.2
334.00 14.0
335.00 14.0
336.00 14.3
337.00 14.1
338.00 14.2
339.00 14.2
340.00 14.6
341.00 14.4
342.00 14.0
343.00 14.4
344.00 12.8
345.00 14.3
346.00 14.3
347.00 14.5
348.00 14.4
349.00 14.1
350.00 14.4
351.00 14.4
352.00 14.1
353.00 14.1
354.00 14.2
355.00 14.0
356.00 14.0
357.00 14.1
358.00 13.6
359.00 14.0
360.00 14.0
361.00 13.7
362.00 14.0
363.00 14.2
364.00 14.4
365.00 14.3
366.00 14.1
367.00 13.9
368.00 14.1
369.00 14.1
370.00 14.1
371.00 14.1
372.00 14.1
373.00 13.9
374.00 13.9
375.00 14.2
376.00 14.4
377.00 14.2
378.00 13.9
379.00 14.1
380.00 14.0
381.00 13.9
382.00 14.2
383.00 14.0
384.00 14.0
385.00 14.1
386.00 14.1
387.00 14.3
388.00 14.3
389.00 14.3
390.00 14.6
391.00 14.2
392.00 14.0
393.00 13.9
394.00 14.1
395.00 13.8
396.00 13.8
397.00 14.0
398.00 13.7
399.00 13.7
400.00 13.7
401.00 13.8
402.00 10.6
403.00 13.4
404.00 12.7
405.00 12.8
406.00 12.5
407.00 12.7
408.00 14.1
409.00 13.4
410.00 14.0
411.00 13.4
412.00 14.2
413.00 14.2
414.00 14.0
415.00 14.1
416.00 14.2
417.00 14.1
418.00 13.9
419.00 14.2
420.00 14.2
421.00 14.1
422.00 14.2
423.00 14.5
424.00 14.3
425.00 14.0
426.00 14.4
427.00 14.2
428.00 14.0
429.00 14.0
430.00 14.2
431.00 14.1
432.00 14.0
433.00 14.2
434.00 14.1
435.00 13.9
436.00 14.0
437.00 14.6
438.00 14.2
439.00 14.0
440.00 14.5
441.00 14.6
442.00 14.4
443.00 14.5
444.00 14.5
445.00 14.4
446.00 13.4
447.00 14.5
448.00 14.4
449.00 14.4
450.00 14.2
451.00 14.3
452.00 14.1
453.00 13.9
454.00 14.1
455.00 14.2
456.00 13.9
457.00 14.0
458.00 13.8
459.00 14.0
460.00 12.5
461.00 14.0
462.00 14.2
463.00 14.2
464.00 14.1
465.00 14.1
466.00 13.9
467.00 14.0
468.00 14.0
469.00 13.9
470.00 14.0
471.00 13.7
472.00 13.8
473.00 13.9
474.00 13.8
475.00 13.7
476.00 13.6
477.00 14.1
478.00 14.0
479.00 13.9
480.00 14.3
481.00 14.1
482.00 14.0
483.00 14.1
484.00 13.5
485.00 14.1
486.00 14.3
487.00 14.3
488.00 14.4
489.00 14.1
490.00 13.8
491.00 14.4
492.00 14.5
493.00 14.3
494.00 14.6
495.00 14.3
496.00 14.2
497.00 14.2
498.00 14.5
499.00 14.2
500.00 14.2
500.03 14.2
