1.00 16.5
2.00 16.8
3.00 16.9
4.00 17.6
5.00 17.3
6.00 17.0
7.00 16.8
8.00 16.7
9.00 16.8
10.00 16.9
11.00 16.8
12.00 16.4
13.00 16.6
14.00 16.6
15.00 16.8
16.00 17.2
17.00 17.3
18.00 17.2
19.00 17.3
20.00 17.5
21.00 17.3
22.00 17.4
23.00 17.0
24.00 17.2
25.00 17.4
26.00 17.3
27.00 17.2
28.00 17.7
29.00 17.5
30.00 17.1
31.00 17.3
32.00 17.1
33.00 17.1
34.00 16.6
35.00 16.5
36.00 16.8
37.00 16.8
38.00 16.8
39.00 16.5
40.00 16.8
41.00 16.7
42.00 16.7
43.00 16.7
44.00 17.3
45.00 17.4
46.00 16.7
47.00 17.0
48.00 16.8
49.00 16.9
50.00 16.7
51.00 16.8
52.00 16.7
53.00 16.4
54.00 16.5
55.00 16.8
56.00 15.1
57.00 17.3
58.00 17.4
59.00 17.3
60.00 17.4
61.00 17.6
62.00 16.7
63.00 16.9
64.00 16.4
65.00 16.7
66.00 16.9
67.00 17.1
68.00 16.9
69.00 16.8
70.00 17.0
71.00 16.9
72.00 16.9
73.00 17.2
74.00 17.2
75.00 17.4
76.00 17.6
77.00 17.3
78.00 17.4
79.00 17.4
80.00 17.3
81.00 17.6
82.00 17.4
83.00 17.4
84.00 17.4
85.00 17.0
86.00 17.3
87.00 16.8
88.00 16.7
89.00 16.8
90.00 16.4
91.00 16.9
92.00 16.8
93.00 16.7
94.00 16.7
95.00 16.3
96.00 16.8
97.00 16.5
98.00 16.9
99.00 16.8
100.00 16.7
101.00 17.3
102.00 17.3
103.00 17.6
104.00 17.3
105.00 17.0
106.00 17.4
107.00 17.7
108.00 17.4
109.00 17.3
110.00 17.3
111.00 17.5
112.00 17.2
113.00 17.2
114.00 15.2
115.00 17.2
116.00 17.1
117.00 17.5
118.00 17.3
119.00 17.2
120.00 16.9
121.00 16.8
122.00 16.6
123.00 16.5
124.00 17.0
125.00 16.9
126.00 16.5
127.00 16.5
128.00 17.0
129.00 16.8
130.00 16.5
131.00 16.8
132.00 16.5
133.00 16.5
134.00 16.8
135.00 16.6
136.00 16.5
137.00 16.9
138.00 16.9
139.00 17.4
140.00 17.3
141.00 17.3
142.00 17.5
143.00 17.5
144.00 17.2
145.00 17.1
146.00 17.3
147.00 16.9
148.00 16.9
149.00 16.6
150.00 16.6
151.00 16.4
152.00 16.6
153.00 16.5
154.00 16.8
155.00 16.6
156.00 16.7
157.00 16.6
158.00 16.8
159.00 17.4
160.00 17.5
161.00 17.2
162.00 17.3
163.00 16.8
164.00 17.5
165.00 17.5
166.00 17.5
167.00 17.2
168.00 17.2
169.00 16.6
170.00 16.7
171.00 14.8
172.00 16.6
173.00 16.6
174.00 16.7
175.00 16.6
176.00 16.6
177.00 16.6
178.00 15.9
179.00 16.3
180.00 16.7
181.00 16.9
182.00 16.6
183.00 16.3
184.00 16.9
185.00 16.9
186.00 16.6
187.00 17.0
188.00 16.8
189.00 17.0
190.00 16.6
191.00 17.0
192.00 16.9
193.00 16.3
194.00 17.1
195.00 17.0
196.00 17.3
197.00 17.5
198.00 17.2
199.00 17.6
200.00 17.2
201.00 17.7
202.00 17.3
203.00 17.5
204.00 17.2
205.00 17.4
206.00 16.9
207.00 16.7
208.00 16.5
209.00 16.6
210.00 16.7
211.00 16.8
212.00 16.9
213.00 16.7
214.00 16.6
215.00 16.9
216.00 16.6
217.00 16.9
218.00 16.9
219.00 16.5
220.00 17.1
221.00 17.6
222.00 17.2
223.00 17.3
224.00 17.4
225.00 17.3
226.00 17.3
227.00 17.3
228.00 17.3
229.00 15.0
230.00 17.4
231.00 17.4
232.00 16.4
233.00 16.8
234.00 16.8
235.00 16.8
236.00 16.7
237.00 16.6
238.00 16.9
239.00 16.9
240.00 16.5
241.00 16.8
242.00 16.7
243.00 16.7
244.00 17.1
245.00 17.6
246.00 17.2
247.00 17.4
248.00 17.2
249.00 17.4
250.00 17.1
251.00 17.5
252.00 17.2
253.00 17.3
254.00 17.6
255.00 17.3
256.00 17.6
257.00 17.4
258.00 17.2
259.00 17.1
260.00 16.8
261.00 16.8
262.00 16.5
263.00 16.7
264.00 16.9
265.00 16.4
266.01 16.9
267.00 17.0
268.00 16.9
269.00 17.2
270.00 17.3
271.00 17.3
272.00 17.2
273.00 17.4
274.00 17.3
275.00 17.6
276.00 17.4
277.00 17.5
278.00 17.4
279.00 17.5
280.00 17.4
281.00 16.9
282.00 17.2
283.00 17.0
284.00 17.0
285.00 16.9
286.00 16.5
287.00 14.7
288.00 16.7
289.00 17.0
290.00 17.0
291.00 16.6
292.00 16.7
293.00 16.7
294.00 17.1
295.00 17.2
296.00 17.4
297.00 17.3
298.01 17.3
299.00 13.8
300.00 13.9
301.01 13.7
302.00 15.6
303.00 17.3
304.00 17.5
305.00 17.5
306.00 17.3
307.00 17.3
308.00 16.8
309.00 16.3
310.00 17.0
311.00 16.7
312.00 16.5
313.00 16.6
314.00 16.8
315.00 16.8
316.00 16.5
317.00 16.5
318.00 16.7
319.00 16.8
320.00 16.8
321.00 16.8
322.00 16.9
323.00 17.2
324.00 17.5
325.00 17.3
326.00 17.3
327.00 17.3
328.00 17.4
329.00 17.4
330.00 17.3
331.00 17.2
332.00 17.1
333.00 16.1
334.00 16.8
335.00 16.7
336.00 16.8
337.00 16.7
338.00 16.9
339.00 16.8
340.00 16.7
341.00 16.6
342.00 16.6
343.00 16.3
344.00 14.6
345.00 16.7
346.00 16.9
347.00 16.7
348.00 16.4
349.00 17.1
350.00 17.3
351.00 17.4
352.00 17.2
353.00 16.9
354.00 17.0
355.00 17.1
356.00 17.3
357.00 16.8
358.00 16.4
359.00 16.5
360.00 16.6
361.00 16.8
362.00 16.3
363.00 16.4
364.00 16.4
365.00 16.7
366.00 16.5
367.00 16.9
368.00 16.7
369.00 16.9
370.00 17.0
371.00 16.7
372.00 16.6
373.00 16.6
374.00 16.6
375.00 17.2
376.00 17.3
377.00 17.4
378.00 17.4
379.00 17.2
380.00 17.4
381.00 17.2
382.00 16.8
383.00 16.8
384.00 16.2
385.00 17.0
386.00 16.7
387.00 16.7
388.00 17.0
389.00 16.8
390.00 16.8
391.00 16.9
392.00 16.8
393.00 16.7
394.00 16.9
395.00 16.5
396.00 16.6
397.00 16.8
398.00 16.9
399.00 16.9
400.00 16.6
401.00 16.7
402.00 14.8
403.00 17.4
404.00 17.3
405.00 17.2
406.00 17.2
407.00 16.8
408.00 16.7
409.00 17.0
410.00 16.6
411.00 17.0
412.00 16.3
413.00 16.8
414.00 16.4
415.00 16.6
416.00 17.0
417.00 17.4
418.00 17.1
419.00 17.0
420.00 16.9
421.00 16.7
422.00 16.5
423.00 16.6
424.00 16.9
425.00 16.7
426.00 16.7
427.00 16.6
428.00 16.9
429.00 17.2
430.00 17.5
431.00 16.8
432.00 16.4
433.00 16.6
434.00 16.9
435.00 16.7
436.00 16.8
437.00 16.8
438.00 17.0
439.00 16.6
440.00 16.7
441.00 17.1
442.00 17.4
443.00 17.3
444.00 17.2
445.00 16.7
446.00 16.5
447.00 16.8
448.00 17.1
449.00 16.8
450.00 16.8
451.00 16.7
452.00 16.7
453.00 16.8
454.00 16.9
455.00 16.8
456.00 16.7
457.00 16.7
458.00 16.7
459.00 16.7
460.00 14.6
461.00 16.8
462.00 16.9
463.00 17.0
464.00 16.8
465.00 17.0
466.00 17.4
467.00 17.0
468.00 17.5
469.00 17.4
470.00 17.5
471.00 17.4
472.00 16.6
473.00 17.0
474.00 16.7
475.00 16.9
476.00 16.7
477.00 16.5
478.00 17.0
479.00 16.8
480.00 16.8
481.00 16.8
482.00 16.8
483.00 16.8
484.00 17.1
485.00 17.0
486.00 16.6
487.00 16.5
488.00 16.4
489.00 16.4
490.00 16.7
491.00 16.9
492.00 16.9
493.00 16.9
494.00 16.9
495.00 17.3
496.00 17.5
497.00 17.2
498.00 17.0
499.00 16.8
500.00 16.9
500.03 31.1
