1.00 16.3
2.00 17.0
3.00 16.8
4.00 17.4
5.00 17.3
6.00 16.5
7.00 16.9
8.00 16.8
9.00 17.0
10.00 16.6
11.00 16.8
12.00 16.4
13.00 16.6
14.00 16.7
15.00 16.9
16.00 17.1
17.00 16.7
18.00 17.3
19.00 17.3
20.00 17.1
21.00 17.0
22.00 17.3
23.00 17.2
24.00 16.9
25.00 17.6
26.00 17.3
27.00 17.1
28.00 17.4
29.00 17.3
30.00 17.1
31.00 17.1
32.00 17.1
33.00 16.9
34.00 17.2
35.00 17.1
36.00 17.0
37.00 17.0
38.00 17.1
39.00 16.9
40.00 17.2
41.00 16.8
42.00 17.1
43.00 17.1
44.00 17.3
45.00 17.2
46.00 17.4
47.00 17.3
48.00 17.2
49.00 17.5
50.00 17.3
51.00 17.3
52.00 17.5
53.00 17.3
54.00 17.3
55.00 16.8
56.00 15.0
57.00 17.0
58.00 16.9
59.00 17.1
60.00 17.1
61.00 17.0
62.00 17.1
63.00 17.0
64.00 17.2
65.00 17.1
66.00 17.2
67.00 17.1
68.00 16.7
69.00 17.0
70.00 17.1
71.00 17.0
72.00 17.3
73.00 17.4
74.00 17.3
75.00 17.3
76.00 17.4
77.00 17.2
78.00 17.3
79.00 16.9
80.00 16.8
81.00 16.8
82.00 17.2
83.00 17.0
84.00 17.3
85.00 17.1
86.00 16.9
87.00 17.0
88.00 17.1
89.00 17.0
90.00 17.5
91.00 17.0
92.00 17.1
93.00 17.1
94.00 17.2
95.00 17.0
96.00 17.3
97.00 17.0
98.00 17.0
99.00 16.8
100.00 17.2
101.00 16.6
102.00 17.5
103.00 17.1
104.00 17.0
105.00 17.0
106.00 17.0
107.00 17.1
108.00 17.1
109.00 17.0
110.00 16.6
111.00 17.0
112.00 17.0
113.00 17.0
114.00 15.6
115.00 17.3
116.00 17.0
117.00 17.4
118.00 17.2
119.00 17.4
120.00 16.8
121.00 16.8
122.00 16.8
123.00 17.1
124.00 17.0
125.00 17.1
126.00 17.0
127.00 17.1
128.00 16.9
129.00 17.2
130.00 16.6
131.00 17.1
132.00 17.1
133.00 17.0
134.00 16.9
135.00 16.9
136.00 16.4
137.00 16.9
138.00 17.0
139.00 17.1
140.00 16.7
141.00 16.8
142.00 16.9
143.00 17.1
144.00 17.3
145.00 17.3
146.00 17.2
147.00 17.6
148.00 17.1
149.00 17.4
150.00 17.1
151.00 16.2
152.00 17.0
153.00 17.2
154.00 16.9
155.00 17.2
156.00 17.1
157.00 17.0
158.00 17.0
159.00 17.2
160.00 16.9
161.00 16.8
162.00 17.1
163.00 16.9
164.00 16.7
165.00 17.4
166.00 17.2
167.00 17.5
168.00 17.2
169.00 17.2
170.00 17.0
171.00 15.5
172.00 16.9
173.00 17.1
174.00 17.0
175.00 16.9
176.00 17.0
177.00 17.1
178.00 16.9
179.00 17.2
180.00 16.3
181.00 16.8
182.00 16.6
183.00 17.0
184.00 17.0
185.00 16.8
186.00 16.9
187.00 16.8
188.00 17.1
189.00 17.1
190.00 16.9
191.00 17.1
192.00 16.8
193.00 16.9
194.00 17.4
195.00 17.2
196.00 17.3
197.00 17.3
198.00 16.9
199.00 16.9
200.00 16.9
201.00 16.8
202.00 16.9
203.00 16.9
204.00 17.0
205.00 16.8
206.00 17.1
207.00 16.9
208.00 17.4
209.00 17.4
210.00 17.3
211.00 16.6
212.00 16.8
213.00 16.5
214.00 17.2
215.00 17.1
216.00 16.9
217.00 16.8
218.00 17.1
219.00 16.9
220.00 17.1
221.00 17.0
222.00 16.9
223.00 16.5
224.00 17.2
225.00 16.9
226.00 17.2
227.00 17.1
228.00 16.7
229.00 15.1
230.00 17.1
231.00 16.9
232.00 17.3
233.00 17.3
234.00 16.8
235.00 17.2
236.00 17.4
237.00 17.1
238.00 17.4
239.00 17.3
240.00 17.1
241.00 16.9
242.00 17.1
243.00 16.9
244.00 17.0
245.00 17.0
246.00 17.0
247.00 17.1
248.00 17.2
249.00 17.1
250.00 17.2
251.00 16.8
252.00 17.0
253.00 17.1
254.00 17.2
255.00 16.6
256.00 17.3
257.00 17.4
258.00 17.3
259.00 17.5
260.00 17.3
261.00 17.2
262.00 17.6
263.00 17.4
264.00 17.3
265.00 17.2
266.00 17.3
267.00 17.3
268.00 17.4
269.00 17.1
270.00 16.9
271.00 17.1
272.00 17.1
273.00 17.1
274.00 17.1
275.00 16.8
276.00 17.0
277.00 17.2
278.00 17.0
279.00 17.2
280.00 17.1
281.00 17.0
282.00 17.3
283.00 17.5
284.00 17.3
285.00 17.6
286.00 16.9
287.00 15.3
288.00 17.2
289.00 17.5
290.00 17.3
291.00 17.5
292.00 17.3
293.00 17.3
294.00 17.3
295.00 17.5
296.00 16.8
297.00 17.1
298.00 17.1
299.00 17.0
300.00 17.1
301.00 17.1
302.00 16.9
303.00 17.2
304.00 17.0
305.00 16.9
306.00 16.7
307.00 17.1
308.00 17.2
309.00 17.6
310.00 17.3
311.00 17.2
312.00 17.3
313.00 17.4
314.00 17.1
315.00 17.6
316.00 17.3
317.00 16.9
318.00 17.3
319.00 17.4
320.00 17.0
321.00 17.0
322.00 16.9
323.00 17.0
324.00 17.1
325.00 17.2
326.00 17.0
327.00 16.7
328.00 16.9
329.00 17.0
330.00 17.1
331.00 17.0
332.00 17.2
333.00 17.1
334.00 17.0
335.00 16.9
336.00 17.3
337.00 17.1
338.00 17.3
339.00 17.5
340.00 17.2
341.00 17.3
342.00 17.5
343.00 17.1
344.00 15.6
345.00 17.1
346.00 17.0
347.00 17.1
348.00 16.9
349.00 17.0
350.00 17.2
351.00 17.0
352.00 17.0
353.00 17.0
354.00 17.2
355.00 17.0
356.00 17.3
357.00 16.9
358.00 16.6
359.00 17.1
360.00 17.2
361.00 16.8
362.00 17.2
363.00 17.1
364.00 17.0
365.00 17.1
366.00 17.4
367.00 17.3
368.00 17.1
369.00 17.2
370.00 16.9
371.00 17.1
372.00 17.1
373.00 17.0
374.00 17.2
375.00 17.0
376.00 17.1
377.00 17.1
378.00 17.2
379.00 16.9
380.00 17.3
381.00 17.0
382.00 17.3
383.00 17.4
384.00 17.0
385.00 17.1
386.00 17.1
387.00 16.8
388.00 16.9
389.00 16.8
390.00 17.1
391.00 17.0
392.00 17.1
393.00 16.9
394.00 17.1
395.00 17.2
396.00 17.1
397.00 17.2
398.00 17.1
399.00 16.6
400.00 17.0
401.00 16.9
402.00 15.3
403.00 17.2
404.00 17.3
405.00 17.1
406.00 17.2
407.00 17.4
408.00 17.2
409.00 17.4
410.00 17.2
411.00 17.0
412.00 17.3
413.00 17.1
414.00 17.0
415.00 17.2
416.00 17.1
417.00 16.6
418.00 17.0
419.00 17.1
420.00 16.8
421.00 17.2
422.00 17.0
423.00 16.9
424.00 17.0
425.00 17.2
426.00 17.0
427.00 17.2
428.00 17.0
429.00 17.3
430.00 17.1
431.00 17.4
432.00 17.3
433.00 17.6
434.00 17.3
435.00 17.1
436.00 17.2
437.00 17.2
438.00 17.1
439.00 17.3
440.00 16.8
441.00 16.5
442.00 16.9
443.00 17.0
444.00 17.1
445.00 17.2
446.00 16.9
447.00 16.9
448.00 17.0
449.00 17.0
450.00 17.1
451.00 16.6
452.00 16.8
453.00 16.9
454.00 17.0
455.00 17.0
456.00 16.9
457.00 16.9
458.00 16.8
459.00 16.7
460.00 15.4
461.00 17.0
462.00 17.1
463.00 17.3
464.00 16.9
465.00 17.1
466.00 17.3
467.00 17.3
468.00 17.3
469.00 17.4
470.00 16.8
471.00 16.6
472.00 16.8
473.00 17.1
474.00 17.2
475.00 17.2
476.00 16.9
477.00 16.9
478.00 17.0
479.00 17.1
480.00 16.6
481.00 15.0
482.00 16.7
483.00 17.0
484.00 16.8
485.00 16.7
486.00 16.9
487.00 17.1
488.00 16.9
489.00 16.9
490.00 17.1
491.00 17.0
492.00 17.2
493.00 17.3
494.00 17.2
495.00 17.2
496.00 17.3
497.00 17.3
498.00 17.4
499.00 17.1
500.00 16.6
500.03 8.91
