1.00 16.8
2.00 17.0
3.00 17.1
4.00 17.5
5.00 17.2
6.00 16.6
7.00 16.9
8.00 16.9
9.00 16.9
10.00 16.7
11.00 16.6
12.00 16.7
13.00 16.7
14.00 16.8
15.00 16.9
16.00 17.1
17.00 17.1
18.00 17.3
19.00 17.4
20.00 17.2
21.00 17.0
22.00 17.2
23.00 17.4
24.00 17.1
25.00 17.2
26.00 17.2
27.00 17.2
28.00 17.1
29.00 17.2
30.00 17.1
31.00 16.8
32.00 17.2
33.00 17.0
34.00 16.9
35.00 17.0
36.00 17.1
37.00 16.7
38.00 17.2
39.00 17.0
40.00 16.9
41.00 16.7
42.00 17.1
43.00 16.9
44.00 17.5
45.00 17.4
46.00 17.2
47.00 17.2
48.00 17.2
49.00 17.3
50.00 17.5
51.00 17.2
52.00 17.2
53.00 17.3
54.00 17.1
55.00 16.8
56.00 15.1
57.00 17.1
58.00 16.6
59.00 17.0
60.00 17.0
61.00 16.8
62.00 17.2
63.00 17.1
64.00 16.9
65.00 17.1
66.00 17.2
67.00 17.1
68.00 17.0
69.00 17.1
70.00 16.9
71.00 17.1
72.00 17.2
73.00 17.4
74.00 17.5
75.00 17.2
76.00 17.2
77.00 17.3
78.00 17.1
79.00 16.9
80.00 17.1
81.00 16.6
82.00 16.9
83.00 17.0
84.00 17.0
85.00 17.1
86.00 17.1
87.00 16.8
88.00 16.9
89.00 17.2
90.00 17.3
91.00 17.2
92.00 17.3
93.00 16.9
94.00 17.0
95.00 17.2
96.00 17.0
97.00 17.2
98.00 17.2
99.00 16.7
100.00 17.1
101.00 16.6
102.00 17.3
103.00 17.2
104.00 17.1
105.00 16.7
106.00 17.0
107.00 17.1
108.00 16.9
109.00 17.1
110.00 16.7
111.00 16.7
112.00 16.9
113.00 17.1
114.00 15.4
115.00 17.6
116.00 17.3
117.00 17.3
118.00 17.2
119.00 17.4
120.00 16.6
121.00 17.1
122.00 16.9
123.00 16.8
124.00 17.0
125.00 17.0
126.00 16.9
127.00 17.2
128.00 16.9
129.00 16.8
130.00 16.6
131.00 17.0
132.00 16.9
133.00 17.2
134.00 16.9
135.00 16.5
136.00 16.4
137.00 16.7
138.00 16.8
139.00 17.3
140.00 16.7
141.00 16.4
142.00 17.0
143.00 17.1
144.00 17.2
145.00 17.7
146.00 17.3
147.00 17.3
148.00 17.2
149.00 17.1
150.00 17.1
151.00 16.4
152.00 16.9
153.00 16.9
154.00 17.1
155.00 16.9
156.00 16.9
157.00 17.2
158.00 16.8
159.00 16.9
160.00 17.0
161.00 16.5
162.00 17.0
163.00 17.2
164.00 16.7
165.00 17.2
166.00 17.4
167.00 17.3
168.00 17.3
169.00 17.4
170.00 17.0
171.00 15.3
172.00 17.0
173.00 16.9
174.00 17.0
175.00 17.2
176.00 16.9
177.00 16.9
178.00 17.0
179.00 16.9
180.00 16.5
181.00 17.0
182.00 16.5
183.00 16.8
184.00 17.1
185.00 16.6
186.00 17.0
187.00 17.1
188.00 16.8
189.00 16.8
190.00 17.0
191.00 16.8
192.00 16.8
193.00 17.1
194.00 17.2
195.00 17.2
196.00 17.4
197.00 17.0
198.00 17.2
199.00 17.1
200.00 16.7
201.00 16.6
202.00 17.0
203.00 16.7
204.00 17.2
205.00 16.9
206.00 16.8
207.00 16.9
208.00 17.4
209.00 17.3
210.00 17.6
211.00 16.8
212.00 16.6
213.00 16.5
214.00 17.1
215.00 16.9
216.00 17.1
217.00 17.0
218.00 16.7
219.00 16.9
220.00 17.0
221.00 16.7
222.00 17.2
223.00 16.7
224.00 16.9
225.00 17.0
226.00 17.1
227.00 16.8
228.00 17.0
229.00 15.2
230.00 16.8
231.00 16.9
232.00 17.2
233.00 17.2
234.00 17.1
235.00 17.3
236.00 17.1
237.00 17.2
238.00 17.2
239.00 17.1
240.00 17.3
241.00 16.9
242.00 16.8
243.00 17.0
244.00 16.8
245.00 16.8
246.00 17.2
247.00 16.9
248.00 16.9
249.00 17.1
250.00 17.0
251.00 16.7
252.00 17.3
253.00 17.0
254.00 17.0
255.00 16.7
256.00 17.1
257.00 17.3
258.00 17.6
259.00 17.4
260.00 17.1
261.00 17.2
262.00 17.4
263.00 17.5
264.00 17.5
265.00 17.0
266.00 17.1
267.00 17.4
268.00 17.2
269.00 17.3
270.00 17.1
271.00 16.8
272.00 16.9
273.00 17.0
274.00 16.9
275.00 17.0
276.00 17.1
277.00 16.9
278.00 16.9
279.00 17.1
280.00 16.9
281.00 17.3
282.00 17.4
283.00 17.2
284.00 17.3
285.00 17.3
286.00 16.8
287.00 15.6
288.00 17.4
289.00 17.3
290.00 17.3
291.00 17.4
292.00 17.3
293.00 17.5
294.00 17.3
295.00 17.2
296.00 16.8
297.00 16.9
298.00 17.0
299.00 17.3
300.00 17.0
301.00 16.9
302.00 17.0
303.00 17.0
304.00 16.9
305.00 17.2
306.00 16.7
307.00 16.9
308.00 17.3
309.00 17.4
310.00 17.2
311.00 17.5
312.00 17.2
313.00 17.2
314.00 17.2
315.00 17.3
316.00 17.4
317.00 17.2
318.00 17.2
319.00 17.3
320.00 17.0
321.00 16.8
322.00 17.0
323.00 17.2
324.00 16.9
325.00 16.9
326.00 17.0
327.00 16.4
328.00 17.1
329.00 17.2
330.00 16.9
331.00 16.9
332.00 17.0
333.00 17.0
334.00 17.1
335.00 17.2
336.00 16.9
337.00 17.1
338.00 17.2
339.00 17.3
340.00 17.5
341.00 17.3
342.00 17.0
343.00 17.2
344.00 15.5
345.00 17.0
346.00 17.2
347.00 17.1
348.00 16.6
349.00 17.1
350.00 17.1
351.00 17.0
352.00 17.2
353.00 17.0
354.00 16.9
355.00 16.9
356.00 17.0
357.00 16.8
358.00 17.0
359.00 17.0
360.00 16.9
361.00 16.9
362.00 17.0
363.00 17.0
364.00 17.2
365.00 17.1
366.00 17.2
367.00 17.3
368.00 17.0
369.00 17.3
370.00 17.1
371.00 16.9
372.00 16.9
373.00 17.1
374.00 17.1
375.00 17.0
376.00 17.2
377.00 17.0
378.00 16.9
379.00 16.9
380.00 17.0
381.00 17.1
382.00 17.5
383.00 17.1
384.00 16.9
385.00 17.0
386.00 17.0
387.00 16.9
388.00 17.1
389.00 16.6
390.00 17.0
391.00 16.9
392.00 17.0
393.00 17.1
394.00 17.3
395.00 16.8
396.00 16.9
397.00 17.1
398.00 16.9
399.00 17.0
400.00 17.1
401.00 16.7
402.00 15.2
403.00 17.1
404.00 17.2
405.00 17.4
406.00 17.3
407.00 17.0
408.00 17.2
409.00 17.3
410.00 17.0
411.00 17.3
412.00 17.3
413.00 16.8
414.00 17.0
415.00 17.1
416.00 17.0
417.00 17.0
418.00 17.0
419.00 16.9
420.00 16.7
421.00 17.0
422.00 16.9
423.00 17.3
424.00 17.1
425.00 16.9
426.00 17.0
427.00 17.1
428.00 16.9
429.00 17.6
430.00 17.0
431.00 17.1
432.00 17.4
433.00 17.4
434.00 17.3
435.00 17.5
436.00 17.1
437.00 16.9
438.00 17.0
439.00 17.1
440.00 16.8
441.00 16.7
442.00 16.7
443.00 16.8
444.00 17.0
445.00 17.0
446.00 17.1
447.00 17.1
448.00 16.8
449.00 16.9
450.00 16.9
451.00 16.5
452.00 16.9
453.00 17.1
454.00 16.8
455.00 16.8
456.00 16.8
457.00 16.8
458.00 16.9
459.00 17.0
460.00 15.2
461.00 16.7
462.00 17.1
463.00 17.2
464.00 17.0
465.00 17.3
466.00 17.0
467.00 17.1
468.00 17.2
469.00 17.3
470.00 17.0
471.00 16.8
472.00 16.5
473.00 16.9
474.00 17.0
475.00 17.0
476.00 17.1
477.00 17.1
478.00 16.8
479.00 16.9
480.00 16.4
481.00 15.0
482.00 16.9
483.00 17.1
484.00 16.5
485.00 16.6
486.00 16.8
487.00 17.0
488.00 17.0
489.00 17.1
490.00 16.8
491.00 16.8
492.00 17.1
493.00 17.1
494.00 17.5
495.00 17.4
496.00 17.1
497.00 17.1
498.00 17.3
499.00 16.9
500.00 17.0
500.01 15.4
