1.00 63.1333
2.00 84.6667
3.00 105.333
4.00 127.333
5.00 150
6.00 171.333
7.00 194
8.00 216
9.00 237.333
10.00 260
11.00 282
12.00 301.333
13.00 319.333
14.00 340
15.00 356.667
16.00 374
17.00 391.333
18.00 410
19.00 426
20.00 442
21.00 460
22.00 477.333
23.00 490
24.00 502.667
25.00 515.333
26.00 525.333
27.00 528.667
28.00 534.667
29.00 536.667
30.00 546
31.00 550.667
32.00 556
33.00 558
34.00 562
35.00 565.333
36.00 572
37.00 578.667
38.00 580.667
39.00 580
40.00 589.333
41.00 594.667
42.00 598.667
43.00 602.667
44.00 605.333
45.00 610.667
46.00 614
47.00 618.667
48.00 624
49.00 628
50.00 636
51.00 638
52.00 639.333
53.00 639.333
54.00 646
55.00 646.667
56.00 653.333
57.00 657.333
58.00 668.667
59.00 673.333
60.00 678
61.00 673.333
62.01 680
63.00 272.667
64.00 36.7333
65.00 22.6
66.00 20.7333
67.00 19.8
68.00 19.8
69.00 19.8
70.00 22.6
71.00 27.3333
72.00 33
73.00 48.0667
74.00 61.2667
75.00 72.6667
76.00 84.6667
77.00 98.6667
78.00 107.333
79.00 118
80.00 129.333
81.00 141.333
82.00 154.667
83.00 160
84.00 172.667
85.00 178
86.00 182.667
87.00 193.333
88.00 198.667
89.00 202.667
90.00 213.333
91.00 219.333
92.00 227.333
93.00 234.667
94.00 236.667
95.00 246
96.00 246.667
97.00 250
98.00 259.333
99.00 264.667
100.00 274
101.00 279.333
102.00 284
103.00 288.667
104.00 291.333
105.00 296.667
106.00 301.333
107.00 303.333
108.00 305.333
109.00 304.667
110.00 305.333
111.00 311.333
112.00 312.667
113.00 314
114.00 316.667
115.00 322.667
116.00 321.333
117.00 327.333
118.00 329.333
119.00 329.333
120.00 330
121.00 332
122.00 332.667
123.00 330.667
124.00 334
125.00 335.333
126.00 339.333
127.00 337.333
128.00 340
129.00 346
130.00 344
131.00 346.667
132.00 346.667
133.00 345.333
134.00 346.667
135.00 348.667
136.00 350.667
137.00 348.667
138.00 352.667
139.00 350.667
140.00 348.667
141.00 348.667
142.00 350.667
143.00 348.667
144.00 350
145.00 348
146.00 350.667
147.00 350
148.00 346
149.00 348.667
150.00 350.667
151.00 348
152.00 348.667
153.00 352.667
154.00 351.333
155.00 354.667
156.00 354.667
157.00 351.333
158.00 351.333
159.00 350
160.00 350
161.00 352.667
162.00 351.333
163.00 351.333
164.00 350.667
165.00 351.333
166.00 350.667
167.00 355.333
168.00 358
169.00 360
170.00 360
171.00 362.667
172.00 362.667
173.00 362
174.00 366
175.00 367.333
176.00 366
177.00 368.667
178.00 370.667
179.00 370.667
180.00 371.333
181.00 369.333
182.00 369.333
183.00 371.333
184.00 373.333
185.00 372.667
186.00 371.333
187.00 372.667
188.00 375.333
189.00 377.333
190.00 378.667
191.00 377.333
192.00 374
193.00 378.667
194.00 377.333
195.00 378
196.00 377.333
197.00 377.333
198.00 378.667
199.00 378.667
200.00 378.667
201.00 378.667
202.00 376
203.00 378
204.00 378.667
205.00 378
206.00 377.333
207.00 378.667
208.00 382
209.00 382
210.00 380.667
211.00 378.667
212.00 382
213.00 380.667
214.00 382.667
215.00 378.667
216.00 380
217.00 380.667
218.00 376
219.00 380
220.00 378
221.00 378
222.00 380.667
223.00 382
224.00 376
225.00 380.667
226.00 380
227.00 380.667
228.00 384
229.00 380
230.00 382
231.00 378.667
232.00 378
233.00 380
234.00 376
235.00 377.333
236.00 378
237.00 378.667
238.00 380
239.00 380
240.00 377.333
241.00 378
242.00 375.333
243.00 374
244.00 378
245.00 374
246.00 375.333
247.00 373.333
248.00 378.667
249.00 374
250.00 376
251.00 374
252.00 375.333
253.00 376
254.00 376
255.00 375.333
256.00 376
257.00 380
258.00 378.667
259.00 380
260.00 378
261.00 378
262.00 380.667
263.00 382
264.00 378.667
265.00 378
266.00 374
267.00 377.333
268.00 377.333
269.00 375.333
270.00 373.333
271.00 374
272.00 370.667
273.00 372.667
274.00 373.333
275.00 378
276.00 373.333
277.00 377.333
278.00 376
279.00 378
280.00 377.333
281.00 376
282.00 380.667
283.00 380
284.00 378
285.00 380
286.00 378
287.00 375.333
288.00 378
289.00 377.333
290.00 376
291.00 376
292.00 378
293.00 376
294.00 376
295.00 378.667
296.00 382
297.00 377.333
298.00 378.667
299.00 380
300.00 375.333
301.00 375.333
302.00 376
303.00 377.333
304.00 378
305.00 372.667
306.00 378
307.00 378
308.00 380
309.00 382
310.00 382.667
311.00 380.667
312.00 380.667
313.00 382
314.00 380.667
315.00 376
316.00 376
317.00 380
318.00 378
319.00 374
320.00 378
321.00 376
322.00 371.333
323.00 372.667
324.00 376
325.00 376
326.00 377.333
327.00 380
328.00 376
329.00 378.667
330.00 380
331.00 377.333
332.00 376
333.00 376
334.00 373.333
335.00 376
336.00 378
337.00 380
338.00 376
339.00 380.667
340.00 382.667
341.00 382.667
342.00 380
343.00 382.667
344.00 378.667
345.00 382
346.00 378.667
347.00 377.333
348.00 378
349.00 377.333
350.00 380
351.00 376
352.00 377.333
353.00 378.667
354.00 377.333
355.00 378.667
356.00 378.667
357.00 377.333
358.00 377.333
359.00 378
360.00 380
361.00 377.333
362.00 378.667
363.00 378
364.00 380.667
365.00 382
366.00 380.667
367.00 380.667
368.00 380
369.00 378
370.00 380.667
371.00 380.667
372.00 377.333
373.00 373.333
374.00 376
375.00 380
376.00 380
377.00 382
378.00 377.333
379.00 375.333
380.00 376
381.00 380
382.00 380
383.00 378.667
384.00 380.667
385.00 380
386.00 376
387.00 378
388.00 376
389.00 378
390.00 378.667
391.00 378.667
392.00 378
393.00 380.667
394.00 378.667
395.00 378
396.00 375.333
397.00 374
398.00 376
399.00 374
400.00 374
401.00 374
402.00 375.333
403.00 376
404.00 377.333
405.00 376
406.00 375.333
407.00 375.333
408.00 380.667
409.00 377.333
410.00 375.333
411.00 376
412.00 378.667
413.00 380.667
414.00 378
415.00 377.333
416.00 377.333
417.00 380.667
418.00 382.667
419.00 382
420.00 380.667
421.00 380.667
422.00 382
423.00 378.667
424.00 382.667
425.00 382
426.00 378.667
427.00 380
428.00 380
429.00 378.667
430.00 384
431.00 384
432.00 382.667
433.00 380.667
434.00 382.667
435.00 382
436.00 382.667
437.00 380.667
438.00 385.333
439.00 388.667
440.00 390
441.00 385.333
442.00 386.667
443.00 384.667
444.00 384
445.00 382.667
446.00 380.667
447.00 382.667
448.00 391.333
449.00 387.333
450.00 384
451.00 385.333
452.00 387.333
453.00 386.667
454.00 387.333
455.00 388.667
456.00 382
457.00 384
458.00 385.333
459.00 380.667
460.00 380
461.00 382.667
462.00 380
463.00 384.667
464.00 384
465.00 380.667
466.00 382.667
467.00 202.667
468.00 224.667
469.00 246
470.00 268
471.00 289.333
472.00 312
473.00 334
474.00 353.333
475.00 376
476.00 389.333
477.00 394
478.00 400
479.00 404.667
480.00 404.667
481.00 401.333
482.00 401.333
483.00 407.333
484.00 403.333
485.00 404.667
486.00 410
487.00 412.667
488.00 412
489.00 414.667
490.00 412
491.00 411.333
492.00 411.333
493.00 407.333
494.00 411.333
495.00 407.333
496.00 408
497.00 404.667
498.00 407.333
499.00 409.333
500.00 410
