1.00 5806.67
2.00 188.667
3.00 210
4.00 232
5.00 253.333
6.00 275.333
7.00 296.667
8.00 318.667
9.00 340
10.00 362
11.00 384
12.00 406
13.00 428
14.00 450
15.00 471.333
16.00 493.333
17.00 514.667
18.00 536.667
19.00 558
20.00 580
21.00 602.667
22.00 623.333
23.00 644.667
24.00 666.667
25.00 673.333
26.00 693.333
27.00 713.333
28.00 733.333
29.00 753.333
30.00 780
31.00 800
32.00 820
33.00 840
34.00 860
35.00 880
36.00 900
37.00 913.333
38.00 933.333
39.00 953.333
40.00 966.667
41.00 986.667
42.00 1006.67
43.00 1020
44.01 1033.33
45.00 1053.33
46.00 1066.67
47.00 1086.67
48.00 1100
49.00 1113.33
50.00 1126.67
51.00 1146.67
52.00 1153.33
53.00 1173.33
54.00 1186.67
55.00 1200
56.00 1213.33
57.00 1226.67
58.00 1240
59.00 1253.33
60.00 1266.67
61.00 1280
62.00 1293.33
63.00 1293.33
64.00 673.333
65.00 700
66.00 720
67.00 740
68.00 760
69.00 780
70.00 800
71.00 813.333
72.00 833.333
73.00 853.333
74.00 866.667
75.00 886.667
76.00 900
77.00 913.333
78.00 926.667
79.00 940
80.00 953.333
81.00 973.333
82.00 986.667
83.00 1000
84.00 1006.67
85.00 626
86.00 646.667
87.00 666.667
88.00 673.333
89.00 686.667
90.00 706.667
91.00 720
92.00 740
93.00 753.333
94.00 766.667
95.00 786.667
96.00 800
97.00 813.333
98.00 826.667
99.00 840
100.00 853.333
101.00 866.667
102.00 880
103.00 893.333
104.00 532.667
105.00 554
106.00 575.333
107.00 594
108.00 612.667
109.00 630.667
110.00 647.333
111.00 664.667
112.00 680.667
113.00 680
114.00 693.333
115.00 706.667
116.00 720
117.00 733.333
118.00 753.333
119.00 766.667
120.00 780
121.00 786.667
122.00 800
123.00 813.333
124.00 826.667
125.00 840
126.00 494.667
127.00 510.667
128.00 526
129.00 541.333
130.00 555.333
131.00 569.333
132.00 583.333
133.00 596.667
134.00 610.667
135.00 624
136.00 636
137.00 649.333
138.00 662
139.00 674
140.00 673.333
141.00 680
142.00 693.333
143.00 388.667
144.00 403.333
145.00 416.667
146.00 430.667
147.00 444
148.00 457.333
149.00 289.333
150.00 309.333
151.00 329.333
152.00 348
153.00 366
154.00 382.667
155.00 400
156.00 414.667
157.00 430.667
158.00 446.667
159.00 462
160.00 476
161.00 490
162.00 504.667
163.00 518.667
164.00 532
165.00 321.333
166.00 343.333
167.00 361.333
168.00 380.667
169.00 400
170.00 418.667
171.00 435.333
172.00 453.333
173.00 469.333
174.00 485.333
175.00 500.667
176.00 515.333
177.00 530.667
178.00 544.667
179.00 560
180.00 573.333
181.00 587.333
182.00 600.667
183.00 612.667
184.00 626
185.00 638
186.00 370.667
187.00 391.333
188.00 411.333
189.00 430.667
190.00 448.667
191.00 466.667
192.00 484.667
193.00 500.667
194.00 516.667
195.00 532.667
196.00 548
197.00 562.667
198.00 576.667
199.00 591.333
200.00 605.333
201.00 618.667
202.00 631.333
203.00 644.667
204.00 658
205.00 670
206.00 682.667
207.00 680
208.00 378
209.00 398.667
210.00 419.333
211.00 439.333
212.00 458
213.00 476
214.00 494
215.00 510.667
216.00 528
217.00 542.667
218.00 559.333
219.00 572
220.00 587.333
221.00 601.333
222.00 615.333
223.00 630
224.00 642.667
225.00 656
226.00 669.333
227.00 682.667
228.00 680
229.00 693.333
230.00 700
231.00 713.333
232.00 726.667
233.00 740
234.00 403.333
235.00 422.667
236.00 442
237.00 460.667
238.00 480
239.00 498
240.00 515.333
241.00 532
242.00 548
243.00 564
244.00 580
245.00 594
246.00 608.667
247.00 623.333
248.00 636
249.00 649.333
250.00 664
251.00 676.667
252.00 673.333
253.00 686.667
254.00 700
255.00 706.667
256.00 720
257.00 733.333
258.00 418.667
259.00 438.667
260.00 457.333
261.00 476
262.00 494
263.00 512
264.00 528.667
265.00 544.667
266.00 560.667
267.00 576.667
268.00 592
269.00 606
270.00 621.333
271.00 412.667
272.00 433.333
273.00 453.333
274.00 473.333
275.00 491.333
276.00 509.333
277.00 526
278.00 542.667
279.00 559.333
280.00 575.333
281.00 590
282.00 605.333
283.00 619.333
284.00 633.333
285.00 647.333
286.00 662
287.00 674
288.00 673.333
289.00 686.667
290.00 693.333
291.00 706.667
292.00 720
293.00 418.667
294.00 433.333
295.00 448.667
296.00 462.667
297.00 477.333
298.00 490
299.00 504.667
300.00 517.333
301.00 530
302.00 542.667
303.00 555.333
304.00 567.333
305.00 580
306.00 328
307.00 342
308.00 356.667
309.00 369.333
310.00 382.667
311.00 237.333
312.00 258
313.00 278
314.00 296.667
315.00 316
316.00 334
317.00 351.333
318.00 367.333
319.00 384.667
320.00 400
321.00 414.667
322.00 430
323.00 443.333
324.00 457.333
325.00 471.333
326.00 484.667
327.00 498.667
328.00 512
329.00 524
330.00 537.333
331.00 549.333
332.00 562
333.00 574
334.00 585.333
335.00 598
336.00 319.333
337.00 340
338.00 361.333
339.00 380
340.00 398.667
341.00 416
342.00 433.333
343.00 450.667
344.00 466.667
345.00 482
346.00 498
347.00 512
348.00 526.667
349.00 541.333
350.00 555.333
351.00 568.667
352.00 581.333
353.00 594.667
354.00 608
355.00 620
356.00 633.333
357.00 646
358.00 658
359.00 669.333
360.00 680.667
361.00 673.333
362.00 382
363.00 400.667
364.00 420.667
365.00 438.667
366.00 457.333
367.00 474
368.00 491.333
369.00 507.333
370.00 523.333
371.00 539.333
372.00 554
373.00 568.667
374.00 581.333
375.00 596
376.00 610
377.00 623.333
378.00 636
379.00 649.333
380.00 662
381.00 674.667
382.00 673.333
383.00 407.333
384.00 428
385.00 446.667
386.00 466
387.00 483.333
388.00 501.333
389.00 518.667
390.00 534.667
391.00 550.667
392.00 566.667
393.00 580.667
394.00 596
395.00 610
396.00 624
397.00 637.333
398.00 650.667
399.00 664
400.00 676.667
401.00 673.333
402.00 686.667
403.00 700
404.00 706.667
405.00 720
406.00 733.333
407.00 746.667
408.00 760
409.00 780
410.00 793.333
411.00 806.667
412.00 813.333
413.00 826.667
414.00 840
415.00 482
416.00 504.667
417.00 525.333
418.00 544.667
419.00 564
420.00 582.667
421.00 599.333
422.00 616.667
423.00 633.333
424.00 649.333
425.00 664.667
426.00 678.667
427.00 673.333
428.00 693.333
429.00 706.667
430.00 720
431.00 733.333
432.00 746.667
433.00 760
434.00 773.333
435.00 780
436.00 793.333
437.00 806.667
438.00 820
439.00 833.333
440.00 840
441.00 853.333
442.00 471.333
443.00 491.333
444.00 510.667
445.00 530
446.00 548.667
447.00 565.333
448.00 582.667
449.00 599.333
450.00 615.333
451.00 630.667
452.00 646.667
453.00 660.667
454.00 674.667
455.00 673.333
456.00 686.667
457.00 700
458.00 713.333
459.00 726.667
460.00 740
461.00 753.333
462.00 760
463.00 773.333
464.00 786.667
465.00 407.333
466.00 456
467.00 475.333
468.00 494
469.00 512.667
470.00 530.667
471.00 548.667
472.00 565.333
473.00 581.333
474.00 598
475.00 612.667
476.00 628
477.00 642.667
478.00 656
479.00 670
480.00 666.667
481.00 680
482.00 693.333
483.00 706.667
484.00 720
485.00 733.333
486.00 442
487.00 462.667
488.00 482.667
489.00 501.333
490.00 519.333
491.00 537.333
492.00 554
493.00 571.333
494.00 586.667
495.00 602.667
496.00 617.333
497.00 631.333
498.00 646.667
499.00 660.667
500.00 674.667
