1.00 37.7333
2.00 301.333
3.00 2320
4.00 11066.7
5.00 21333.3
6.00 21333.3
7.00 21333.3
8.00 21333.3
9.00 21333.3
10.00 21333.3
11.00 21333.3
12.00 21333.3
13.00 21333.3
14.00 21333.3
15.00 21333.3
16.00 21333.3
17.00 21333.3
18.00 21333.3
19.00 21333.3
20.00 21333.3
21.00 21333.3
22.00 21333.3
23.00 21333.3
24.00 21333.3
25.00 21333.3
26.00 21333.3
27.00 21333.3
28.00 21333.3
29.00 21333.3
30.00 21333.3
31.00 21333.3
32.00 21333.3
33.00 21333.3
34.00 21333.3
35.00 21333.3
36.00 21333.3
37.00 21333.3
38.00 21333.3
39.00 21333.3
40.00 21333.3
41.00 21333.3
42.00 21333.3
43.00 21333.3
44.00 21333.3
45.00 21333.3
46.00 21333.3
47.00 21333.3
48.00 21333.3
49.00 21333.3
50.00 21333.3
51.00 21333.3
52.00 21333.3
53.00 21333.3
54.00 21333.3
55.00 21333.3
56.00 21333.3
57.00 21333.3
58.00 21333.3
59.00 21333.3
60.00 21333.3
61.00 21333.3
62.00 21333.3
63.00 21333.3
64.00 21333.3
65.01 21333.3
66.00 21333.3
67.00 21333.3
68.00 21333.3
69.00 21333.3
70.00 21333.3
71.00 21333.3
72.00 21333.3
73.00 21333.3
74.00 10133.3
75.00 98
76.00 5260
77.00 5260
78.00 5260
79.00 5266.67
80.00 5266.67
81.00 5273.33
82.00 5273.33
83.00 5280
84.00 5280
85.00 5280
86.00 5286.67
87.00 5286.67
88.00 5293.33
89.00 5293.33
90.00 5293.33
91.00 5300
92.00 5300
93.00 5306.67
94.00 5306.67
95.00 5313.33
96.00 5313.33
97.00 5313.33
98.00 5320
99.00 5320
100.00 5326.67
101.00 5326.67
102.00 5333.33
103.00 5333.33
104.00 5333.33
105.00 5340
106.00 5340
107.00 5346.67
108.00 5346.67
109.00 5346.67
110.00 5353.33
111.00 5353.33
112.00 5360
113.00 5360
114.00 5366.67
115.00 5366.67
116.00 5366.67
117.00 5373.33
118.00 5373.33
119.00 5380
120.00 5380
121.00 5386.67
122.00 5386.67
123.00 5386.67
124.00 5393.33
125.00 5393.33
126.00 5400
127.00 5400
128.00 5406.67
129.00 5406.67
130.00 5406.67
131.00 5413.33
132.00 5413.33
133.00 5420
134.00 5420
135.00 5426.67
136.00 5426.67
137.00 5426.67
138.00 5433.33
139.00 5433.33
140.00 5440
141.00 5440
142.00 5440
143.00 5446.67
144.00 5446.67
145.00 5453.33
146.00 5453.33
147.00 5460
148.00 5460
149.00 5460
150.00 5466.67
151.00 5466.67
152.00 5473.33
153.00 5473.33
154.00 5480
155.00 5480
156.00 5480
157.00 5486.67
158.00 5486.67
159.00 5493.33
160.00 5493.33
161.00 5493.33
162.00 5500
163.00 5500
164.00 5506.67
165.00 5506.67
166.00 5506.67
167.00 5513.33
168.00 5513.33
169.00 5520
170.00 5520
171.00 5526.67
172.00 5526.67
173.00 5533.33
174.00 5533.33
175.00 5533.33
176.00 5540
177.00 5540
178.00 5546.67
179.00 5546.67
180.00 5546.67
181.00 5553.33
182.00 5553.33
183.00 5560
184.00 5560
185.00 5560
186.00 5566.67
187.00 5566.67
188.00 5573.33
189.00 5573.33
190.00 5580
191.00 5580
192.00 5580
193.00 5586.67
194.00 5586.67
195.00 5593.33
196.00 5593.33
197.00 5593.33
198.00 5600
199.00 5600
200.00 5606.67
201.00 5606.67
202.00 5613.33
203.00 5613.33
204.00 5613.33
205.00 5620
206.00 5620
207.00 5620
208.00 5626.67
209.00 5626.67
210.00 5633.33
211.00 5633.33
212.00 5640
213.00 5640
214.00 5640
215.00 5646.67
216.00 5646.67
217.00 5653.33
218.00 5653.33
219.00 5653.33
220.00 5660
221.00 5660
222.00 5666.67
223.00 5666.67
224.00 5666.67
225.00 5673.33
226.00 5673.33
227.00 5680
228.00 5680
229.00 5680
230.00 5686.67
231.00 5686.67
232.00 5693.33
233.00 5693.33
234.00 5700
235.00 5700
236.00 5700
237.00 5706.67
238.00 5706.67
239.00 5706.67
240.00 5713.33
241.00 5713.33
242.00 5720
243.00 5720
244.00 5720
245.00 5726.67
246.00 5726.67
247.00 5733.33
248.00 5733.33
249.00 5733.33
250.00 5740
251.00 5740
252.00 5746.67
253.00 5746.67
254.00 5746.67
255.00 5753.33
256.00 5753.33
257.00 5753.33
258.00 5760
259.00 5760
260.00 5766.67
261.00 5766.67
262.00 5773.33
263.00 5773.33
264.00 5773.33
265.00 5780
266.00 5780
267.00 5780
268.00 5786.67
269.00 5786.67
270.00 5793.33
271.00 5793.33
272.00 5793.33
273.00 5800
274.00 5800
275.00 5806.67
276.00 5806.67
277.00 5806.67
278.00 5813.33
279.00 5813.33
280.00 5813.33
281.00 5820
282.00 5820
283.00 5826.67
284.00 5826.67
285.00 5826.67
286.00 5833.33
287.00 5833.33
288.00 5840
289.00 5840
290.00 5840
291.00 5846.67
292.00 5846.67
293.00 5853.33
294.00 5853.33
295.00 5853.33
296.00 5860
297.00 5860
298.00 5860
299.00 5866.67
300.00 5866.67
301.00 5873.33
302.00 5873.33
303.00 5873.33
304.00 5880
305.00 5880
306.00 5880
307.00 5886.67
308.00 5886.67
309.00 5893.33
310.00 5893.33
311.00 5893.33
312.00 5900
313.00 5900
314.00 5900
315.00 5906.67
316.00 5906.67
317.00 5913.33
318.00 5913.33
319.00 5913.33
320.00 5920
321.00 5920
322.00 5920
323.00 5926.67
324.00 5926.67
325.00 5933.33
326.00 5933.33
327.00 5933.33
328.00 5940
329.00 5940
330.00 5946.67
331.00 5946.67
332.00 5946.67
333.00 5953.33
334.00 5953.33
335.00 5953.33
336.00 5960
337.00 5960
338.00 5960
339.00 5966.67
340.00 5966.67
341.00 5973.33
342.00 5973.33
343.00 5973.33
344.00 5980
345.00 5980
346.00 5980
347.00 5986.67
348.00 5986.67
349.00 5986.67
350.00 5993.33
351.00 5993.33
352.00 6000
353.00 6000
354.00 6000
355.00 6006.67
356.00 6006.67
357.00 6006.67
358.00 6013.33
359.00 6013.33
360.00 6020
361.00 6020
362.00 6020
363.00 6026.67
364.00 6026.67
365.00 6026.67
366.00 6033.33
367.00 6033.33
368.00 6033.33
369.00 6040
370.00 6040
371.00 6040
372.00 6046.67
373.00 6046.67
374.00 6053.33
375.00 6053.33
376.00 6053.33
377.00 6060
378.00 6060
379.00 6060
380.00 6066.67
381.00 6066.67
382.00 6066.67
383.00 6073.33
384.00 6073.33
385.00 6080
386.00 6080
387.00 6080
388.00 6086.67
389.00 6086.67
390.00 6086.67
391.00 6093.33
392.00 6093.33
393.00 6093.33
394.00 6100
395.00 6100
396.00 6100
397.00 6106.67
398.00 6106.67
399.00 6113.33
400.00 6113.33
401.00 6113.33
402.00 6120
403.00 6120
404.00 6120
405.00 6126.67
406.00 6126.67
407.00 6126.67
408.00 6133.33
409.00 6133.33
410.00 6133.33
411.00 6140
412.00 6140
413.00 6140
414.00 6146.67
415.00 6146.67
416.00 6153.33
417.00 6153.33
418.00 6153.33
419.00 6160
420.00 6160
421.00 6160
422.00 6166.67
423.00 6166.67
424.00 6166.67
425.00 6173.33
426.00 6173.33
427.00 6173.33
428.00 6180
429.00 6180
430.00 6180
431.00 6186.67
432.00 6186.67
433.00 6193.33
434.00 6193.33
435.00 6193.33
436.00 6193.33
437.00 6200
438.00 6200
439.00 6206.67
440.00 6206.67
441.00 6206.67
442.00 6213.33
443.00 6213.33
444.00 6213.33
445.00 6220
446.00 6220
447.00 6220
448.00 6226.67
449.00 6226.67
450.00 6226.67
451.00 6233.33
452.00 6233.33
453.00 6233.33
454.00 6240
455.00 6240
456.00 6240
457.00 6246.67
458.00 6246.67
459.00 6246.67
460.00 6253.33
461.00 6253.33
462.00 6253.33
463.00 6260
464.00 6260
465.00 6260
466.00 6266.67
467.00 6266.67
468.00 6273.33
469.00 6273.33
470.00 6273.33
471.00 6280
472.00 6280
473.00 6280
474.00 6280
475.00 6286.67
476.00 6286.67
477.00 6293.33
478.00 6293.33
479.00 6293.33
480.00 6300
481.00 6300
482.00 6300
483.00 6306.67
484.00 6306.67
485.00 6306.67
486.00 6313.33
487.00 6313.33
488.00 6313.33
489.00 6320
490.00 6320
491.00 6320
492.00 6326.67
493.00 6326.67
494.00 6326.67
495.00 6333.33
496.00 6333.33
497.00 6333.33
498.00 6340
499.00 6340
500.00 6340
