63.41 9.4
64 18.8667
65 37.7333
66 150.667
67 603.333
68 1180
69 4713.33
70 9266.67
71 1553.33
72 321.333
73 324
74 327.333
75 330
76 332.667
77 335.333
78 338.667
79 341.333
80 344
81 346.667
82 350
83 352.667
84 355.333
85 358
86 361.333
87 364.667
88 367.333
89 370.667
90 373.333
91 376
92 378.667
93 382
94 384.667
95 387.333
96 390
97 393.333
98 396
99 398.667
100 401.333
101 404.667
102 407.333
103 410
104 414
105 416.667
106 419.333
107 422.667
108 425.333
109 428
110 430.667
111 433.333
112 436.667
113 439.333
114 442
115 444.667
116 448
117 450.667
118 453.333
119 456
120 459.333
121 462.667
122 466
123 468.667
124 471.333
125 474
126 477.333
127 480
128 482.667
129 485.333
130 488
131 491.333
132 494
133 496.667
134 499.333
135 502.667
136 505.333
137 508
138 512
139 514.667
140 517.333
141 520.667
142 523.333
143 526
144 528.667
145 532
146 534.667
147 537.333
148 540
149 542.667
150 546
151 548.667
152 551.333
153 554
154 557.333
155 560
156 562.667
157 565.333
158 568.667
159 572
160 575.333
161 578
162 580.667
163 583.333
164 586.667
165 589.333
166 592
167 594.667
168 598
169 600.667
170 603.333
171 606
172 608.667
173 612
174 614.667
175 617.333
176 620
177 623.333
178 626
179 628.667
180 631.333
181 634.667
182 637.333
183 640
184 642.667
185 646
186 648.667
187 651.333
188 654
189 657.333
190 660
191 662.667
192 665.333
193 668.667
194 671.333
195 674
196 676.667
197 680
198 682.667
199 666.667
200 673.333
201 673.333
202 680
203 680
204 680
205 686.667
206 686.667
207 693.333
208 693.333
209 700
210 700
211 700
212 706.667
213 706.667
214 706.667
215 713.333
216 713.333
217 720
218 720
219 726.667
220 726.667
221 726.667
222 733.333
223 733.333
224 740
225 740
226 740
227 746.667
228 746.667
229 753.333
230 753.333
231 753.333
232 760
233 760
234 760
235 766.667
236 766.667
237 773.333
238 773.333
239 780
240 780
241 780
242 786.667
243 786.667
244 786.667
245 793.333
246 793.333
247 800
248 800
249 800
250 806.667
251 806.667
252 813.333
253 813.333
254 813.333
255 820
256 820
257 826.667
258 826.667
259 826.667
260 833.333
261 833.333
262 840
263 840
264 840
265 846.667
266 846.667
267 846.667
268 853.333
269 853.333
270 860
271 860
272 860
273 866.667
274 866.667
275 866.667
276 873.333
277 873.333
278 880
279 880
280 880
281 886.667
282 886.667
283 893.333
284 893.333
285 893.333
286 900
287 900
288 906.667
289 906.667
290 906.667
291 913.333
292 913.333
293 913.333
294 920
295 920
296 926.667
297 926.667
298 926.667
299 933.333
300 933.333
301 940
302 940
303 940
304 946.667
305 946.667
306 946.667
307 953.333
308 953.333
309 953.333
310 960
311 960
312 966.667
313 966.667
314 966.667
315 973.333
316 973.333
317 980
318 980
319 980
320 986.667
321 986.667
322 986.667
323 993.333
324 993.333
325 1000
326 1000
327 1000
328 1006.67
329 1006.67
330 1006.67
331 1013.33
332 1013.33
333 1013.33
334 1020
335 1020
336 1026.67
337 1026.67
338 1026.67
339 1033.33
340 1033.33
341 1033.33
342 1040
343 1040
344 1046.67
345 1046.67
346 1046.67
347 1053.33
348 1053.33
349 1053.33
350 1060
351 1060
352 1060
353 1066.67
354 1066.67
355 1073.33
356 1073.33
357 1073.33
358 1080
359 1080
360 1080
361 1086.67
362 1086.67
363 1093.33
364 1093.33
365 1093.33
366 1100
367 1100
368 1100
369 1106.67
370 1106.67
371 1106.67
372 1113.33
373 1113.33
374 1120
375 1120
376 1120
377 1120
378 1126.67
379 1126.67
380 1133.33
381 1133.33
382 1133.33
383 1140
384 1140
385 1140
386 1146.67
387 1146.67
388 1146.67
389 1153.33
390 1153.33
391 1160
392 1160
393 1160
394 1166.67
395 1166.67
396 1166.67
397 1173.33
398 1173.33
399 1173.33
400 1180
401 1180
402 1180
403 1186.67
404 1186.67
405 1193.33
406 1193.33
407 1193.33
408 1200
409 1200
410 1200
411 1206.67
412 1206.67
413 1206.67
414 1213.33
415 1213.33
416 1213.33
417 1220
418 1220
419 1220
420 1226.67
421 1226.67
422 1226.67
423 1233.33
424 1233.33
425 1240
426 1240
427 1240
428 1246.67
429 1246.67
430 1246.67
431 1253.33
432 1253.33
433 1253.33
434 1260
435 1260
436 1260
437 1266.67
438 1266.67
439 1266.67
440 1273.33
441 1273.33
442 1273.33
443 1280
444 1280
445 1286.67
446 1286.67
447 1286.67
448 1286.67
449 1293.33
450 1293.33
451 1300
452 1300
453 1300
454 1306.67
455 1306.67
456 1306.67
457 1313.33
458 1313.33
459 1313.33
460 1320
461 1320
462 1320
463 1326.67
464 1326.67
465 1326.67
466 1333.33
467 1333.33
468 1333.33
469 1340
470 1340
471 1340
472 1346.67
473 1346.67
474 1346.67
475 1353.33
476 1353.33
477 1353.33
478 1360
479 1360
480 1360
481 1366.67
482 1366.67
483 1366.67
484 1373.33
485 1373.33
486 1373.33
487 1380
488 1380
489 1380
490 1386.67
491 1386.67
492 1386.67
493 1393.33
494 1393.33
495 1393.33
496.01 1400
497.01 1400
498.01 1400
499.01 1400
500.01 1400
