63 12.2667
64 33
65 53.7333
66 75.3333
67 96
68 116.667
69 136.667
70 155.333
71 173.333
72 190.667
73 207.333
74 223.333
75 239.333
76 254.667
77 269.333
78 284.667
79 298.667
80 312.667
81 326
82 339.333
83 352.667
84 214
85 236
86 255.333
87 274
88 293.333
89 311.333
90 328
91 344
92 361.333
93 376
94 392
95 406
96 421.333
97 435.333
98 450
99 462.667
100 476
101.01 489.333
102 502.667
103 293.333
104 314.667
105 334.667
106 354.667
107 372.667
108 391.333
109 408
110 425.333
111 440
112 456
113 472
114 485.333
115 499.333
116 514.667
117 528.667
118 542
119 555.333
120 568.667
121 580.667
122 594
123 606
124 617.333
125 633.333
126 648.667
127 664
128 678.667
129 673.333
130 693.333
131 706.667
132 720
133 733.333
134 746.667
135 760
136 766.667
137 780
138 793.333
139 806.667
140 813.333
141 826.667
142 840
143 853.333
144 866.667
145 880
146 893.333
147 906.667
148 576.667
149 596.667
150 616.667
151 635.333
152 653.333
153 670
154 673.333
155 686.667
156 700
157 720
158 733.333
159 746.667
160 760
161 773.333
162 786.667
163 800
164 496
165 517.333
166 536.667
167 555.333
168 575.333
169 592.667
170 610.667
171 628
172 644
173 660
174 674.667
175 673.333
176 686.667
177 706.667
178 720
179 733.333
180 746.667
181 760
182 766.667
183 780
184 793.333
185 468.667
186 490
187 510
188 528.667
189 548
190 565.333
191 582.667
192 599.333
193 615.333
194 630.667
195 646.667
196 662
197 676
198 673.333
199 686.667
200 700
201 713.333
202 726.667
203 740
204 753.333
205.01 760
206 773.333
207 439.333
208 460
209 480.667
210 500.667
211 519.333
212 537.333
213 555.333
214 572
215 589.333
216 604
217 620
218 633.333
219 648.667
220 662.667
221 676.667
222 673.333
223 686.667
224 700
225 713.333
226 726.667
227 740
228 753.333
229 760
230 773.333
231 786.667
232 800
233 412.667
234 456
235 476
236 496
237 514.667
238 532
239 549.333
240 565.333
241 582.667
242 598
243 614
244 628.667
245 642.667
246 657.333
247 670
248 666.667
249 680
250 693.333
251 706.667
252 720
253 733.333
254 746.667
255 753.333
256 766.667
257.01 440
258 460
259 478
260 496.667
261 515.333
262 532.667
263 549.333
264 566.667
265 582.667
266 598
267 612.667
268 628
269 642
270 427.333
271 448
272 467.333
273 487.333
274 505.333
275 523.333
276 540
277 557.333
278 573.333
279 589.333
280 604
281 619.333
282 633.333
283 647.333
284 662
285 676
286 673.333
287 686.667
288 700
289 706.667
290 720
291 733.333
292 746.667
293 760
294 773.333
295 786.667
296 806.667
297 813.333
298 833.333
299 840
300 853.333
301 866.667
302 880
303 893.333
304 906.667
305 920
306 933.333
307 946.667
308.01 960
309 973.333
310 599.333
311 620
312 640
313 660
314 678
315 680
316 700
317 713.333
318 726.667
319 746.667
320 760
321 773.333
322 786.667
323 800
324 813.333
325 826.667
326 840
327 853.333
328 866.667
329 880
330 893.333
331 900
332 913.333
333 926.667
334 933.333
335 512.667
336 533.333
337 553.333
338 573.333
339 591.333
340 608.667
341 626
342 642.667
343 658.667
344 674.667
345 673.333
346 686.667
347 706.667
348 720
349 733.333
350 746.667
351 760
352 766.667
353 780
354 793.333
355 806.667
356 820
357 833.333
358 840
359 853.333
360.01 866.667
361 482.667
362 501.333
363 521.333
364 540
365 558
366 575.333
367 592
368 608.667
369 624
370 640
371 655.333
372 669.333
373 682.667
374 680
375 693.333
376 706.667
377 720
378 733.333
379 746.667
380 760
381 766.667
382 459.333
383 480
384 499.333
385 517.333
386 535.333
387 553.333
388 570.667
389 586.667
390 602.667
391 618.667
392 633.333
393 647.333
394 662
395 676
396 673.333
397 686.667
398 700
399 713.333
400 726.667
401 733.333
402 746.667
403 760
404 773.333
405 435.333
406 450.667
407 466
408 480
409 494
410 507.333
411 520.667
412 533.333
413 546
414 314.667
415 336.667
416 357.333
417 377.333
418 396
419 414.667
420 432
421 448.667
422 466
423 480.667
424 496.667
425 510.667
426 525.333
427 540
428 554
429 568.667
430 581.333
431 594.667
432 608
433 621.333
434 633.333
435 646
436 658
437 670
438 682.667
439 680
440 686.667
441 382.667
442 403.333
443 422.667
444 441.333
445 459.333
446 477.333
447 494
448 510.667
449 526.667
450 542
451 558
452 572
453 587.333
454 600.667
455 614.667
456 628
457 642
458 655.333
459 667.333
460 680
461 673.333
462 686.667
463 700
464 389.333
465 410
466 428.667
467 448
468 466.667
469 485.333
470 502.667
471 519.333
472 535.333
473 551.333
474 566.667
475 581.333
476 596.667
477 610
478 624
479 637.333
480 651.333
481 664.667
482 678
483 673.333
484 686.667
485 410
486 430.667
487 450.667
488 469.333
489 487.333
490 505.333
491 522
492 538
493 554
494 569.333
495 585.333
496 599.333
497 614.667
498 628.667
499 642.667
500 662.667
