1.00 180
2.00 5866.67
3.00 10666.7
4.00 10666.7
5.00 10666.7
6.00 10666.7
7.00 10666.7
8.00 10666.7
9.00 10666.7
10.00 10666.7
11.00 10666.7
12.00 10666.7
13.00 10666.7
14.00 10666.7
15.00 10666.7
16.00 10666.7
17.00 10666.7
18.00 10666.7
19.00 10666.7
20.00 10666.7
21.00 10666.7
22.00 10666.7
23.00 10666.7
24.00 10666.7
25.00 10666.7
26.00 10666.7
27.00 10666.7
28.00 10666.7
29.00 10666.7
30.00 10666.7
31.00 10666.7
32.00 10666.7
33.00 10666.7
34.00 10666.7
35.00 10666.7
36.00 10666.7
37.00 10666.7
38.00 10666.7
39.00 10666.7
40.00 10666.7
41.00 10666.7
42.00 10666.7
43.00 10666.7
44.00 10666.7
45.00 10666.7
46.00 10666.7
47.00 10666.7
48.00 10666.7
49.00 10666.7
50.00 10666.7
51.00 10666.7
52.00 10666.7
53.00 10666.7
54.00 10666.7
55.00 10666.7
56.00 10666.7
57.00 10666.7
58.00 10666.7
59.00 10666.7
60.00 10666.7
61.00 10666.7
62.00 10666.7
63.01 10666.7
64.01 10666.7
65.01 10666.7
66.00 3146.67
67.00 2713.33
68.00 2720
69.00 2280
70.00 2286.67
71.00 2293.33
72.00 2300
73.00 2300
74.00 2306.67
75.00 2313.33
76.00 2320
77.00 2326.67
78.00 2333.33
79.00 2333.33
80.00 2340
81.00 2346.67
82.00 2353.33
83.00 2360
84.00 2366.67
85.00 2366.67
86.00 2373.33
87.00 2380
88.00 2386.67
89.00 2393.33
90.00 2400
91.00 2406.67
92.00 2406.67
93.00 2413.33
94.00 2420
95.00 2426.67
96.00 2433.33
97.00 2440
98.00 2440
99.00 2446.67
100.00 2453.33
101.00 2460
102.00 2466.67
103.00 2473.33
104.00 2473.33
105.00 2480
106.00 2486.67
107.00 2493.33
108.00 2500
109.00 2506.67
110.00 2506.67
111.00 2513.33
112.00 2520
113.00 2526.67
114.00 2533.33
115.00 2540
116.00 2540
117.00 2546.67
118.00 2553.33
119.00 2560
120.00 2566.67
121.00 2573.33
122.00 2573.33
123.00 2580
124.00 2586.67
125.00 2593.33
126.00 2600
127.00 2606.67
128.00 2606.67
129.00 2613.33
130.00 2620
131.00 2626.67
132.00 2633.33
133.00 2633.33
134.00 2640
135.00 2646.67
136.00 2653.33
137.00 2660
138.00 2660
139.00 2666.67
140.00 2673.33
141.00 2680
142.00 2686.67
143.00 2686.67
144.00 2693.33
145.00 2700
146.00 2706.67
147.00 2706.67
148.00 2713.33
149.00 2720
150.00 2726.67
151.00 2726.67
152.00 2733.33
153.00 2740
154.00 2746.67
155.00 2746.67
156.00 2753.33
157.00 2760
158.00 2766.67
159.00 2766.67
160.00 2773.33
161.00 2780
162.00 2786.67
163.00 2786.67
164.00 2793.33
165.00 2800
166.00 2800
167.00 2806.67
168.00 2813.33
169.00 2820
170.00 2820
171.00 2826.67
172.00 2833.33
173.00 2833.33
174.00 2840
175.00 2846.67
176.00 2853.33
177.00 2853.33
178.00 2860
179.00 2866.67
180.00 2866.67
181.00 2873.33
182.00 2880
183.00 2886.67
184.00 2886.67
185.00 2893.33
186.00 2900
187.00 2900
188.00 2906.67
189.00 2913.33
190.00 2913.33
191.00 2920
192.00 2926.67
193.00 2926.67
194.00 2933.33
195.00 2940
196.00 2940
197.00 2946.67
198.00 2953.33
199.00 2953.33
200.00 2960
201.00 2966.67
202.00 2966.67
203.00 2973.33
204.00 2980
205.00 2980
206.00 2986.67
207.00 2993.33
208.00 2993.33
209.00 3000
210.00 3006.67
211.00 3006.67
212.00 3013.33
213.00 3020
214.00 3020
215.00 3026.67
216.00 3026.67
217.00 3033.33
218.00 3040
219.00 3040
220.00 3046.67
221.00 3046.67
222.00 3053.33
223.00 3060
224.00 3060
225.00 3066.67
226.00 3073.33
227.00 3073.33
228.00 3080
229.00 3086.67
230.00 3086.67
231.00 3093.33
232.00 3093.33
233.00 3100
234.00 3106.67
235.00 3106.67
236.00 3113.33
237.00 3120
238.00 3120
239.00 3126.67
240.00 3126.67
241.00 3133.33
242.00 3140
243.00 3140
244.00 3146.67
245.00 3146.67
246.00 3153.33
247.00 3160
248.00 3160
249.00 3166.67
250.00 3166.67
251.00 3173.33
252.00 3180
253.00 3180
254.00 3186.67
255.00 3186.67
256.00 3193.33
257.00 3200
258.00 3200
259.00 3206.67
260.00 3206.67
261.00 3213.33
262.00 3213.33
263.00 3220
264.00 3226.67
265.00 3226.67
266.00 3233.33
267.00 3240
268.00 3240
269.00 3246.67
270.00 3246.67
271.00 3253.33
272.00 3253.33
273.00 3260
274.00 3266.67
275.00 3266.67
276.00 3273.33
277.00 3273.33
278.00 3280
279.00 3280
280.00 3286.67
281.00 3293.33
282.00 3293.33
283.00 3300
284.00 3300
285.00 3306.67
286.00 3306.67
287.00 3313.33
288.00 3320
289.00 3320
290.00 3326.67
291.00 3326.67
292.00 3333.33
293.00 3333.33
294.00 3340
295.00 3340
296.00 3346.67
297.00 3353.33
298.00 3353.33
299.00 3360
300.00 3360
301.00 3366.67
302.00 3366.67
303.00 3373.33
304.00 3373.33
305.00 3380
306.00 3380
307.00 3386.67
308.00 3386.67
309.00 3393.33
310.00 3400
311.00 1700
312.00 2153.33
313.00 2160
314.00 2166.67
315.00 2166.67
316.00 2173.33
317.00 2180
318.00 2186.67
319.00 2193.33
320.00 2200
321.00 2200
322.00 2206.67
323.00 2213.33
324.00 2220
325.00 2226.67
326.00 2226.67
327.00 2233.33
328.00 2240
329.00 2246.67
330.00 2253.33
331.00 2253.33
332.00 2260
333.00 2266.67
334.00 2273.33
335.00 2280
336.00 2280
337.00 2286.67
338.00 2293.33
339.00 2300
340.00 2306.67
341.00 2306.67
342.00 2313.33
343.00 2320
344.00 2326.67
345.00 2333.33
346.00 2333.33
347.00 2340
348.00 2346.67
349.00 2353.33
350.00 2353.33
351.00 2360
352.00 2366.67
353.00 2366.67
354.00 2373.33
355.00 2380
356.00 2386.67
357.00 2386.67
358.00 2393.33
359.00 2400
360.00 2406.67
361.00 2406.67
362.00 2413.33
363.00 2420
364.00 2420
365.00 2426.67
366.00 2433.33
367.00 2440
368.00 2440
369.00 2446.67
370.00 2453.33
371.00 2460
372.00 2460
373.00 2466.67
374.00 2473.33
375.00 2473.33
376.00 2480
377.00 2486.67
378.00 2486.67
379.00 2493.33
380.00 2500
381.00 2500
382.00 2506.67
383.00 2513.33
384.00 2520
385.00 2520
386.00 2526.67
387.00 2533.33
388.00 2533.33
389.00 2540
390.00 2546.67
391.00 2546.67
392.00 2553.33
393.00 2560
394.00 2560
395.00 2566.67
396.00 2573.33
397.00 2580
398.00 2580
399.00 2586.67
400.00 2586.67
401.00 2593.33
402.00 2600
403.00 2606.67
404.00 2606.67
405.00 2613.33
406.00 2613.33
407.00 2620
408.00 2626.67
409.00 2626.67
410.00 2633.33
411.00 2640
412.00 2640
413.00 2646.67
414.00 2653.33
415.00 2653.33
416.00 2660
417.00 2666.67
418.00 2666.67
419.00 2673.33
420.00 2673.33
421.00 2680
422.00 2686.67
423.00 2686.67
424.00 2693.33
425.00 2700
426.00 2700
427.00 2706.67
428.00 2706.67
429.00 2713.33
430.00 2720
431.00 2720
432.00 2726.67
433.00 2733.33
434.00 2733.33
435.00 2740
436.00 2740
437.00 2746.67
438.00 2753.33
439.00 2753.33
440.00 2760
441.00 2760
442.00 2766.67
443.00 2773.33
444.00 2773.33
445.00 2780
446.00 2780
447.00 2786.67
448.00 2793.33
449.00 2793.33
450.00 2800
451.00 2800
452.00 2806.67
453.00 2813.33
454.00 2813.33
455.00 2820
456.00 2826.67
457.00 2826.67
458.00 2833.33
459.00 2833.33
460.00 2840
461.00 2840
462.00 2846.67
463.00 2853.33
464.00 2853.33
465.00 2860
466.00 2860
467.00 2866.67
468.00 2866.67
469.00 2873.33
470.00 2880
471.00 2880
472.00 2886.67
473.00 2886.67
474.00 2893.33
475.00 2893.33
476.00 2900
477.00 2906.67
478.00 2906.67
479.00 2913.33
480.00 2913.33
481.00 2920
482.00 2920
483.00 2926.67
484.00 2926.67
485.00 2933.33
486.00 2940
487.00 2940
488.00 2946.67
489.00 2946.67
490.00 2953.33
491.00 2953.33
492.00 2960
493.00 2966.67
494.00 2966.67
495.00 2973.33
496.00 2973.33
497.00 2980
498.00 2980
499.00 2986.67
500.00 2986.67
