63.01 9.4
64 129.333
65 4020
66 27.3333
67 232.667
68 237.333
69 243.333
70 248.667
71 255.333
72 261.333
73 266.667
74 272.667
75 278
76 284
77 289.333
78 295.333
79 301.333
80 307.333
81 312.667
82 318.667
83 324
84 330
85 335.333
86 341.333
87 348
88 353.333
89 359.333
90 364.667
91 370.667
92 376
93 382
94 387.333
95 394
96 400
97 405.333
98 411.333
99 416.667
100 422.667
101 428
102 433.333
103 439.333
104 444.667
105 450.667
106 456
107 462
108 467.333
109 473.333
110 478.667
111 484.667
112 490
113 496
114 501.333
115 507.333
116 512.667
117 518.667
118 524
119 530
120 535.333
121 541.333
122 546.667
123 552.667
124 558
125 562.667
126 568.667
127 574
128 580
129 585.333
130 591.333
131 596.667
132 602.667
133 607.333
134 612.667
135 618.667
136 623.333
137 628.667
138 634.667
139 640
140 644.667
141 650.667
142 655.333
143 660.667
144 666.667
145 671.333
146 676.667
147 681.333
148 673.333
149 673.333
150 680
151 686.667
152 693.333
153 693.333
154 700
155 706.667
156 713.333
157 713.333
158 720
159 726.667
160 733.333
161 733.333
162 740
163 746.667
164 753.333
165 753.333
166 760
167 766.667
168 766.667
169 773.333
170 780
171 780
172 786.667
173 793.333
174 800
175 800
176 806.667
177 813.333
178 813.333
179 820
180 826.667
181 826.667
182 833.333
183 840
184 840
185 846.667
186 853.333
187 860
188 860
189 866.667
190 873.333
191 873.333
192 880
193 886.667
194 886.667
195 893.333
196 900
197 900
198 906.667
199 913.333
200 913.333
201 920
202 926.667
203 926.667
204 933.333
205 940
206 940
207 946.667
208 953.333
209 953.333
210 960
211 960
212 966.667
213 973.333
214 973.333
215 980
216 986.667
217 986.667
218 993.333
219 1000
220 1000
221 1006.67
222 1006.67
223 1013.33
224 1020
225 1020
226 1026.67
227 1033.33
228 1033.33
229 1040
230 1040
231 1046.67
232 1053.33
233 1053.33
234 1060
235 1060
236 1066.67
237 1073.33
238 1073.33
239 1080
240 1086.67
241 1086.67
242 1093.33
243 1093.33
244 1100
245 1106.67
246 1106.67
247 1113.33
248 1120
249 1120
250 1126.67
251 1126.67
252 1133.33
253 1133.33
254 1140
255 1146.67
256 1146.67
257 1153.33
258 1153.33
259 1160
260 1166.67
261 1166.67
262 1173.33
263 1173.33
264 1180
265 1180
266 1186.67
267 1193.33
268 1193.33
269 1200
270 1200
271 1206.67
272 1206.67
273 1213.33
274 1220
275 1220
276 1226.67
277 1226.67
278 1233.33
279 1233.33
280 1240
281 1246.67
282 1246.67
283 1253.33
284 1253.33
285 1260
286 1260
287 1266.67
288 1273.33
289 1273.33
290 1280
291 1280
292 1286.67
293 1286.67
294 1293.33
295 1293.33
296 1300
297 1306.67
298 1306.67
299 1313.33
300 1313.33
301 1320
302 1320
303 1326.67
304 1326.67
305 1333.33
306 1340
307 1340
308 1340
309 840
310 846.667
311 853.333
312 860
313 860
314 866.667
315 873.333
316 880
317 886.667
318 893.333
319 900
320 900
321 906.667
322 913.333
323 920
324 920
325 926.667
326 933.333
327 940
328 946.667
329 953.333
330 953.333
331 960
332 966.667
333 973.333
334 980
335 980
336 986.667
337 993.333
338 1000
339 1000
340 1006.67
341 1013.33
342 1020
343 1020
344 1026.67
345 1033.33
346 1040
347 1040
348 1046.67
349 1053.33
350 1060
351 1060
352 1066.67
353 1073.33
354 1080
355 1086.67
356 1086.67
357 1093.33
358 1100
359 1100
360 1106.67
361 1113.33
362 1120
363 1120
364 1126.67
365 1133.33
366 1133.33
367 1140
368 1146.67
369 1153.33
370 1153.33
371 1160
372 1166.67
373 1166.67
374 1173.33
375 1180
376 1180
377 1186.67
378 1193.33
379 1200
380 1200
381 1206.67
382 1213.33
383 1213.33
384 1220
385 1226.67
386 1226.67
387 1233.33
388 1240
389 1240
390 1246.67
391 1253.33
392 1253.33
393 1260
394 1266.67
395 1266.67
396 1273.33
397 1280
398 1286.67
399 1286.67
400 1293.33
401 1293.33
402 1300
403 1306.67
404 1313.33
405 1313.33
406 1320
407 1320
408 1326.67
409 1333.33
410 1333.33
411 1340
412 1346.67
413 1346.67
414 1353.33
415 1360
416 1360
417 1366.67
418 1366.67
419 1373.33
420 1380
421 1380
422 1386.67
423 1393.33
424 1393.33
425 1400
426 1400
427 1406.67
428 1413.33
429 1413.33
430 1420
431 1420
432 1426.67
433 1433.33
434 1433.33
435 1440
436 1446.67
437 1446.67
438 1453.33
439 1453.33
440 1460
441 1466.67
442 1466.67
443 1473.33
444 1473.33
445 1480
446 1486.67
447 1486.67
448 1493.33
449 1500
450 1500
451 1506.67
452 1506.67
453 1513.33
454 1513.33
455 1520
456 1526.67
457 1526.67
458 1533.33
459 1533.33
460 1540
461 1546.67
462 1546.67
463 1553.33
464 1553.33
465 1560
466 1560
467 1566.67
468 1573.33
469 1573.33
470 1580
471 1580
472 1586.67
473 1586.67
474 1593.33
475 1600
476 1600
477 1606.67
478 1606.67
479 1613.33
480 1613.33
481 1620
482 1620
483 1626.67
484 1633.33
485 1633.33
486 1640
487 1640
488 1646.67
489 1646.67
490 1653.33
491 1660
492 1660
493 1666.67
494 1666.67
495 1673.33
496 1673.33
497 1680
498 1680
499.01 1680
500 1040
