1.00 16.2
2.00 17.2
3.00 17.0
4.00 17.1
5.00 17.3
6.00 16.4
7.00 16.6
8.00 16.5
9.00 16.6
10.00 16.4
11.00 16.3
12.00 16.5
13.00 16.5
14.00 16.4
15.00 16.5
16.00 16.9
17.00 17.1
18.00 17.1
19.00 17.0
20.00 17.1
21.00 16.9
22.00 17.0
23.00 17.0
24.00 16.8
25.00 17.0
26.00 17.2
27.00 16.9
28.00 17.2
29.00 16.7
30.00 16.7
31.00 16.3
32.00 16.7
33.00 16.5
34.00 16.4
35.00 16.2
36.00 16.6
37.00 16.0
38.00 16.7
39.00 16.5
40.00 17.0
41.00 17.2
42.00 16.6
43.00 16.5
44.00 16.6
45.00 16.5
46.00 16.7
47.00 16.5
48.00 16.7
49.00 16.4
50.00 16.5
51.00 16.4
52.00 17.0
53.00 17.3
54.01 16.6
55.00 16.6
56.00 15.0
57.00 16.5
58.00 16.6
59.00 16.6
60.00 16.4
61.00 16.4
62.00 16.3
63.00 16.6
64.00 16.7
65.00 17.3
66.00 17.3
67.00 17.1
68.00 17.2
69.00 17.3
70.00 17.1
71.00 17.0
72.00 17.0
73.00 17.4
74.00 17.0
75.00 17.2
76.00 16.9
77.00 17.2
78.00 17.1
79.00 16.3
80.00 16.6
81.00 16.0
82.00 16.7
83.00 16.5
84.00 16.6
85.00 16.3
86.00 16.5
87.00 16.5
88.00 16.6
89.00 17.1
90.00 17.1
91.00 17.0
92.00 17.2
93.00 17.3
94.00 17.0
95.00 16.9
96.00 16.8
97.00 16.9
98.00 16.9
99.00 17.2
100.00 17.2
101.00 17.0
102.00 16.9
103.00 16.8
104.00 16.4
105.00 16.6
106.00 16.3
107.00 16.5
108.00 16.5
109.00 16.6
110.00 16.3
111.00 16.4
112.00 16.0
113.00 16.6
114.00 15.7
115.00 17.0
116.00 16.6
117.00 16.7
118.00 16.8
119.00 16.6
120.00 16.6
121.00 16.9
122.00 16.3
123.00 16.8
124.00 16.8
125.00 16.9
126.00 17.0
127.00 17.2
128.00 16.8
129.00 16.6
130.00 16.6
131.00 16.7
132.00 16.2
133.00 16.6
134.00 16.5
135.00 16.7
136.00 16.6
137.00 17.0
138.00 17.2
139.00 17.1
140.00 17.3
141.00 17.1
142.00 17.2
143.00 16.9
144.00 17.0
145.00 17.0
146.00 17.1
147.00 17.0
148.00 17.1
149.00 17.1
150.00 16.8
151.00 17.1
152.00 16.6
153.00 16.4
154.00 16.2
155.00 16.6
156.00 16.4
157.00 16.2
158.00 16.3
159.00 16.3
160.00 16.5
161.00 16.4
162.00 16.7
163.00 16.9
164.00 17.0
165.00 16.9
166.00 17.1
167.00 17.0
168.00 17.3
169.00 17.3
170.00 17.1
171.00 15.5
172.00 17.1
173.00 17.1
174.00 16.7
175.00 17.3
176.00 17.2
177.00 16.2
178.00 16.8
179.00 16.6
180.00 16.7
181.00 16.6
182.00 16.7
183.00 16.5
184.00 16.6
185.00 16.7
186.00 16.7
187.00 17.3
188.00 17.5
189.00 16.7
190.00 16.8
191.00 16.7
192.00 16.6
193.00 16.7
194.00 16.3
195.00 16.5
196.00 16.6
197.00 16.7
198.00 16.5
199.00 17.0
200.00 17.3
201.00 17.1
202.00 16.5
203.00 16.7
204.00 16.7
205.00 16.4
206.00 16.7
207.00 16.4
208.00 16.9
209.00 16.6
210.00 16.9
211.00 16.5
212.00 16.8
213.00 16.6
214.00 17.1
215.00 16.6
216.00 16.1
217.00 16.1
218.00 17.1
219.00 17.0
220.00 17.4
221.00 17.3
222.00 17.2
223.00 17.3
224.00 17.3
225.00 17.1
226.00 16.4
227.01 16.7
228.00 16.6
229.00 15.0
230.00 16.7
231.00 16.7
232.00 16.5
233.00 16.7
234.00 16.6
235.00 16.5
236.00 16.2
237.00 16.7
238.00 16.8
239.00 16.5
240.00 16.5
241.00 16.7
242.00 16.4
243.00 16.9
244.00 16.9
245.00 17.4
246.00 16.9
247.00 17.3
248.00 17.3
249.00 17.2
250.00 17.2
251.00 16.6
252.00 16.8
253.00 16.7
254.00 16.6
255.00 16.5
256.00 16.2
257.00 16.2
258.00 16.6
259.00 16.9
260.00 16.7
261.00 17.0
262.00 17.3
263.00 17.3
264.00 17.2
265.00 17.2
266.00 17.3
267.00 16.6
268.00 17.3
269.00 17.3
270.00 17.3
271.00 17.2
272.00 17.1
273.00 17.4
274.00 17.1
275.00 17.0
276.00 16.3
277.00 16.3
278.00 16.5
279.00 16.8
280.00 16.7
281.00 16.6
282.00 16.7
283.00 16.8
284.00 16.3
285.00 16.7
286.00 16.4
287.00 15.0
288.00 16.4
289.00 16.8
290.00 17.2
291.00 17.3
292.00 17.4
293.00 17.3
294.00 17.5
295.00 17.3
296.00 17.2
297.00 17.2
298.00 16.9
299.00 17.0
300.00 16.5
301.00 16.4
302.00 16.7
303.00 16.6
304.00 16.6
305.00 16.8
306.00 16.7
307.00 16.6
308.00 16.8
309.00 16.5
310.00 17.0
311.00 17.4
312.00 17.4
313.00 17.2
314.00 17.3
315.00 17.3
316.00 17.4
317.00 17.3
318.00 17.3
319.00 17.0
320.00 17.2
321.00 17.2
322.00 17.5
323.00 17.1
324.00 16.8
325.00 16.6
326.00 16.8
327.00 16.7
328.00 16.6
329.00 16.4
330.00 16.4
331.00 16.6
332.00 16.6
333.00 16.7
334.00 16.9
335.00 17.0
336.00 17.2
337.00 16.7
338.00 17.2
339.00 17.3
340.00 17.2
341.00 17.3
342.00 17.2
343.00 17.1
344.00 15.5
345.00 17.2
346.00 17.2
347.00 17.1
348.00 17.3
349.00 16.6
350.00 16.6
351.00 16.5
352.00 16.7
353.00 16.5
354.00 16.6
355.00 16.8
356.00 16.7
357.00 16.6
358.00 16.7
359.00 17.0
360.00 17.1
361.00 17.2
362.00 17.2
363.00 17.2
364.00 17.3
365.00 17.2
366.00 17.3
367.00 17.1
368.00 17.3
369.00 17.1
370.00 16.8
371.00 16.7
372.00 16.8
373.00 16.7
374.00 16.7
375.00 16.8
376.00 16.5
377.00 16.6
378.00 16.7
379.00 16.6
380.00 16.8
381.00 16.4
382.00 16.8
383.00 16.7
384.00 17.2
385.00 17.0
386.00 17.4
387.00 17.1
388.00 17.1
389.00 17.4
390.00 17.3
391.00 17.0
392.00 17.0
393.00 17.3
394.00 17.1
395.00 17.1
396.00 17.4
397.00 17.1
398.00 16.8
399.00 16.7
400.00 16.9
401.00 16.5
402.00 14.8
403.00 16.9
404.00 16.5
405.00 16.7
406.00 16.8
407.00 16.6
408.00 17.0
409.00 17.2
410.00 17.4
411.00 17.3
412.00 16.8
413.00 17.4
414.00 17.0
415.00 16.8
416.00 16.6
417.00 16.6
418.00 16.7
419.00 16.8
420.00 16.7
421.00 16.8
422.00 16.5
423.00 16.3
424.00 16.7
425.00 16.9
426.00 16.7
427.00 16.7
428.00 16.6
429.00 16.7
430.00 16.8
431.00 16.8
432.00 16.5
433.00 17.0
434.00 17.0
435.00 17.1
436.00 17.3
437.00 17.3
438.00 17.2
439.00 17.4
440.00 17.3
441.00 17.2
442.00 17.2
443.00 17.0
444.00 17.2
445.00 17.4
446.01 17.3
447.00 17.0
448.00 16.6
449.00 16.6
450.00 16.6
451.00 16.7
452.00 16.6
453.00 16.3
454.00 16.7
455.00 16.9
456.00 16.5
457.00 16.6
458.00 17.4
459.00 16.9
460.00 15.1
461.00 16.6
462.00 16.6
463.00 16.6
464.00 16.5
465.00 16.6
466.00 16.8
467.00 16.7
468.00 16.7
469.00 16.9
470.00 17.2
471.00 17.3
472.00 16.8
473.00 16.6
474.00 16.5
475.00 16.8
476.00 16.6
477.00 16.5
478.00 16.5
479.00 16.7
480.00 16.5
481.00 16.6
482.00 17.1
483.00 17.0
484.00 16.9
485.00 17.0
486.00 17.6
487.00 17.3
488.00 17.3
489.00 17.3
490.00 17.2
491.00 17.3
492.00 17.3
493.00 17.3
494.00 17.2
495.00 17.1
496.00 17.5
497.00 17.4
498.00 17.3
499.00 17.2
500.00 17.2
500.03 19.5
