1.00 16.7
2.00 17.0
3.00 17.1
4.00 16.9
5.00 17.2
6.00 16.5
7.00 16.5
8.00 16.4
9.00 16.3
10.00 16.5
11.00 16.4
12.00 16.4
13.00 16.4
14.00 16.4
15.00 16.5
16.00 16.7
17.00 17.1
18.00 17.1
19.00 17.1
20.00 17.3
21.00 16.9
22.00 17.1
23.00 17.1
24.00 17.1
25.00 17.2
26.00 16.9
27.00 17.1
28.00 17.2
29.00 16.7
30.00 16.3
31.00 16.2
32.00 16.7
33.00 16.6
34.00 16.4
35.00 16.3
36.00 16.2
37.00 16.2
38.00 16.4
39.00 16.6
40.00 17.1
41.00 17.2
42.00 16.5
43.00 16.7
44.00 16.6
45.00 16.2
46.00 16.9
47.00 16.6
48.00 16.8
49.00 16.6
50.00 16.4
51.00 16.5
52.00 17.0
53.00 17.2
54.00 16.5
55.00 16.2
56.00 15.1
57.00 16.5
58.00 16.7
59.00 16.6
60.00 16.3
61.00 16.6
62.00 16.2
63.00 16.5
64.00 16.9
65.00 17.4
66.00 17.2
67.00 17.0
68.00 17.2
69.00 17.2
70.00 17.1
71.00 17.1
72.00 17.2
73.00 17.2
74.00 17.1
75.00 17.1
76.00 17.1
77.00 17.0
78.00 17.2
79.00 16.4
80.00 16.4
81.00 15.9
82.00 16.6
83.00 16.6
84.00 16.5
85.00 16.3
86.00 16.5
87.00 16.5
88.00 16.6
89.00 17.2
90.00 17.0
91.00 17.1
92.00 17.3
93.00 17.1
94.00 16.9
95.00 16.9
96.00 17.0
97.00 16.9
98.00 16.9
99.00 17.2
100.00 17.2
101.00 16.9
102.00 16.8
103.00 16.7
104.00 16.5
105.00 16.4
106.00 16.3
107.00 16.7
108.00 16.6
109.00 16.6
110.00 16.2
111.00 16.6
112.00 16.3
113.00 16.5
114.00 15.7
115.00 17.1
116.00 16.6
117.00 16.6
118.00 16.8
119.00 16.5
120.00 16.7
121.00 16.7
122.00 16.4
123.00 16.7
124.00 16.7
125.00 16.9
126.00 17.1
127.00 17.2
128.00 16.6
129.00 16.8
130.00 17.0
131.00 16.6
132.00 16.4
133.00 16.5
134.00 16.5
135.00 16.7
136.00 16.4
137.00 16.7
138.00 17.1
139.00 17.3
140.00 17.1
141.00 17.3
142.00 17.2
143.00 16.8
144.00 16.9
145.00 17.1
146.00 17.0
147.00 16.8
148.00 17.1
149.00 17.1
150.00 16.9
151.00 17.1
152.00 16.6
153.00 16.3
154.00 16.2
155.00 16.6
156.00 16.4
157.00 16.1
158.00 16.6
159.00 16.4
160.00 16.5
161.00 16.5
162.00 16.8
163.00 17.0
164.00 17.1
165.00 16.9
166.00 17.2
167.00 17.1
168.00 17.0
169.00 17.0
170.00 17.1
171.00 15.3
172.00 17.1
173.00 17.1
174.00 16.9
175.00 17.4
176.00 17.2
177.00 16.6
178.00 16.5
179.00 16.8
180.00 16.5
181.00 16.6
182.00 16.7
183.00 16.6
184.00 16.7
185.00 16.9
186.00 16.7
187.00 17.1
188.00 17.2
189.00 16.7
190.00 16.6
191.00 16.5
192.00 16.8
193.00 16.7
194.00 16.8
195.00 16.6
196.00 16.6
197.00 16.7
198.00 16.5
199.00 16.8
200.00 17.3
201.00 16.9
202.00 16.7
203.00 16.8
204.00 16.6
205.00 16.6
206.00 16.7
207.00 16.3
208.00 16.7
209.00 16.7
210.00 16.9
211.00 16.6
212.00 16.8
213.00 16.6
214.00 16.9
215.00 16.7
216.00 16.3
217.00 16.3
218.00 16.9
219.00 16.9
220.00 17.3
221.00 17.4
222.00 17.2
223.00 17.3
224.00 17.3
225.00 17.3
226.00 16.6
227.00 16.8
228.00 16.6
229.00 15.1
230.00 16.9
231.00 16.8
232.00 16.4
233.00 16.6
234.00 16.8
235.00 16.5
236.00 16.3
237.00 16.6
238.00 16.7
239.00 16.7
240.00 16.6
241.00 16.6
242.00 16.7
243.00 16.8
244.00 16.8
245.00 17.3
246.00 17.0
247.00 17.3
248.00 17.2
249.00 17.3
250.00 17.3
251.00 16.7
252.00 16.6
253.00 17.0
254.00 16.5
255.00 16.5
256.00 15.9
257.00 16.4
258.00 16.6
259.00 16.7
260.00 16.7
261.00 17.0
262.00 17.2
263.00 17.2
264.00 17.3
265.00 17.1
266.00 17.2
267.00 16.7
268.00 17.1
269.00 17.2
270.00 17.2
271.00 17.2
272.00 17.1
273.00 17.3
274.00 17.2
275.00 16.9
276.00 16.4
277.00 16.2
278.00 16.7
279.00 16.8
280.00 16.7
281.00 16.6
282.00 16.6
283.00 16.6
284.00 16.5
285.00 16.6
286.00 16.6
287.00 15.1
288.00 16.4
289.00 16.8
290.00 17.4
291.00 17.3
292.00 17.3
293.00 17.4
294.00 17.1
295.00 17.4
296.00 17.2
297.00 17.2
298.00 17.1
299.00 17.3
300.00 16.7
301.00 16.6
302.00 16.7
303.00 16.5
304.00 16.7
305.00 16.8
306.00 16.7
307.00 16.8
308.00 16.8
309.00 16.4
310.00 17.3
311.00 17.4
312.00 17.2
313.00 17.3
314.00 17.3
315.00 17.2
316.00 17.1
317.00 17.2
318.00 17.3
319.00 16.7
320.00 17.3
321.00 17.2
322.00 17.5
323.00 17.3
324.00 16.8
325.00 16.7
326.00 16.8
327.00 16.5
328.00 16.7
329.00 16.6
330.00 16.5
331.00 16.6
332.00 16.4
333.00 16.8
334.00 16.7
335.00 17.0
336.00 17.3
337.00 16.8
338.00 17.4
339.00 17.2
340.00 17.1
341.00 17.1
342.00 17.1
343.00 17.0
344.00 15.5
345.00 17.0
346.00 17.4
347.00 17.0
348.00 17.3
349.00 16.6
350.00 16.7
351.00 16.6
352.00 16.6
353.00 16.6
354.00 16.8
355.00 16.5
356.00 16.6
357.00 16.8
358.00 16.8
359.00 17.0
360.00 17.0
361.00 17.0
362.00 17.2
363.00 17.1
364.00 17.2
365.00 17.3
366.00 17.2
367.00 17.1
368.00 17.3
369.00 17.2
370.00 16.9
371.00 16.5
372.00 16.7
373.00 16.6
374.00 16.8
375.00 16.8
376.00 16.7
377.00 16.3
378.00 16.6
379.00 16.5
380.00 16.9
381.00 16.2
382.00 16.6
383.00 16.5
384.00 17.3
385.00 17.1
386.00 17.3
387.00 16.9
388.00 16.9
389.00 17.4
390.00 17.1
391.00 17.0
392.00 16.9
393.00 17.3
394.00 17.3
395.00 17.2
396.00 17.3
397.00 16.9
398.00 16.7
399.00 16.8
400.00 17.0
401.00 16.7
402.00 14.6
403.00 16.8
404.00 16.8
405.00 16.7
406.00 16.7
407.00 16.7
408.00 17.1
409.00 17.2
410.00 17.3
411.00 17.2
412.00 16.8
413.00 17.4
414.00 17.1
415.00 16.9
416.00 16.3
417.00 16.7
418.00 16.8
419.00 17.0
420.00 17.1
421.00 16.8
422.00 16.5
423.00 16.4
424.00 16.6
425.00 16.9
426.00 16.6
427.00 16.7
428.00 16.7
429.00 16.8
430.00 16.8
431.00 16.7
432.00 16.7
433.00 17.0
434.00 17.1
435.00 17.2
436.00 17.2
437.00 17.3
438.00 17.2
439.00 17.4
440.00 17.3
441.00 17.4
442.00 17.1
443.00 17.0
444.00 17.3
445.00 17.2
446.00 17.2
447.00 16.7
448.00 16.4
449.00 16.7
450.00 16.8
451.00 16.6
452.00 16.5
453.00 15.9
454.00 16.7
455.00 16.8
456.00 16.7
457.00 16.4
458.00 17.4
459.00 16.7
460.00 15.0
461.00 16.7
462.00 16.6
463.00 17.0
464.00 16.3
465.00 16.7
466.00 16.7
467.00 16.9
468.00 16.7
469.00 16.8
470.00 17.1
471.00 17.3
472.00 16.8
473.00 16.7
474.00 16.5
475.00 16.6
476.00 16.8
477.00 16.4
478.00 16.7
479.00 16.5
480.00 16.5
481.00 16.3
482.00 17.3
483.00 17.1
484.00 17.0
485.00 17.1
486.00 17.4
487.00 17.2
488.00 17.4
489.00 17.3
490.00 17.2
491.00 17.3
492.00 17.2
493.00 17.0
494.00 17.3
495.00 17.0
496.00 17.2
497.00 17.4
498.00 17.3
499.00 17.1
500.00 17.0
500.02 14.2
