1.00 15.9
2.00 17.0
3.00 16.7
4.00 17.3
5.00 17.0
6.00 17.2
7.00 17.1
8.00 17.5
9.00 17.1
10.00 17.2
11.00 16.8
12.00 17.2
13.00 17.4
14.00 17.2
15.00 17.3
16.00 17.4
17.00 17.1
18.00 17.3
19.00 17.2
20.00 17.3
21.00 16.7
22.00 17.0
23.00 17.3
24.00 17.5
25.00 17.3
26.00 17.4
27.00 17.5
28.00 17.4
29.00 17.4
30.00 17.4
31.00 16.8
32.00 17.2
33.00 17.4
34.00 17.3
35.00 16.9
36.00 16.8
37.00 17.0
38.00 16.6
39.00 17.3
40.00 16.8
41.00 16.9
42.00 16.3
43.00 17.1
44.00 16.7
45.00 16.8
46.00 16.6
47.00 16.5
48.00 16.5
49.00 16.6
50.00 16.5
51.00 16.7
52.00 16.1
53.00 17.0
54.00 17.1
55.00 17.1
56.00 15.3
57.00 17.3
58.00 17.3
59.00 17.1
60.00 17.4
61.00 17.3
62.00 17.2
63.00 17.2
64.00 17.1
65.00 17.3
66.00 17.4
67.00 17.0
68.00 16.8
69.00 16.6
70.00 17.0
71.00 16.9
72.00 16.7
73.00 16.3
74.00 16.7
75.00 16.8
76.00 16.7
77.00 17.1
78.00 17.2
79.00 17.3
80.00 17.1
81.00 16.5
82.00 16.6
83.00 17.2
84.00 17.3
85.00 17.1
86.00 16.6
87.00 16.8
88.00 16.5
89.00 16.5
90.00 16.7
91.00 16.7
92.00 16.4
93.00 16.7
94.00 16.4
95.00 16.6
96.00 16.9
97.00 17.5
98.00 17.2
99.00 17.4
100.00 16.7
101.00 16.7
102.00 16.6
103.00 16.4
104.00 16.4
105.00 16.7
106.00 16.7
107.00 16.7
108.00 17.0
109.00 16.7
110.00 17.0
111.00 17.2
112.00 17.4
113.00 16.7
114.00 15.4
115.00 17.3
116.00 17.3
117.00 17.0
118.00 17.4
119.00 17.2
120.00 17.3
121.00 17.2
122.00 17.3
123.00 17.3
124.00 17.3
125.00 16.8
126.00 17.2
127.00 17.5
128.00 17.3
129.00 17.0
130.00 17.1
131.00 16.6
132.00 16.7
133.00 16.7
134.00 16.8
135.00 16.6
136.00 16.7
137.00 16.8
138.00 16.7
139.00 16.5
140.00 16.8
141.00 16.8
142.00 16.6
143.00 17.3
144.00 17.2
145.00 17.0
146.00 17.3
147.00 17.3
148.00 17.4
149.00 17.2
150.00 17.4
151.00 17.4
152.00 17.3
153.00 17.2
154.00 17.5
155.00 17.3
156.00 17.2
157.00 17.4
158.00 17.5
159.00 17.5
160.00 17.0
161.00 17.5
162.00 17.4
163.00 17.3
164.00 17.5
165.00 17.3
166.00 16.7
167.00 16.7
168.00 16.8
169.00 17.0
170.00 16.5
171.00 15.1
172.00 17.1
173.00 16.8
174.00 16.8
175.00 17.1
176.00 16.5
177.00 17.2
178.00 17.0
179.00 16.8
180.00 16.9
181.00 16.3
182.00 16.8
183.00 17.4
184.00 17.3
185.00 17.3
186.00 17.0
187.00 17.2
188.00 17.3
189.00 17.2
190.00 17.5
191.00 17.1
192.00 17.2
193.00 17.2
194.00 17.4
195.00 17.3
196.00 17.3
197.00 16.9
198.00 16.8
199.00 16.9
200.00 17.0
201.00 16.8
202.00 16.5
203.00 16.9
204.00 16.6
205.00 16.9
206.00 16.6
207.00 16.5
208.00 17.1
209.00 17.4
210.00 17.2
211.00 15.5
212.00 13.8
213.00 13.9
214.00 12.8
215.00 12.8
216.00 13.0
217.00 13.1
218.01 12.8
219.00 13.3
220.01 13.0
221.00 13.1
222.00 12.8
223.00 13.1
224.00 13.1
225.00 13.4
226.00 13.1
227.00 12.6
228.00 12.8
229.00 11.8
230.00 11.4
231.00 8.99
232.00 9.51
233.00 9.88
234.00 9.98
235.00 10.4
236.00 11.0
237.00 10.8
238.00 10.4
239.01 10.8
240.00 10.8
241.01 12.3
242.00 13.7
243.01 13.6
244.00 13.7
245.00 13.6
246.00 13.6
247.00 13.7
248.00 17.4
249.00 17.0
250.00 17.4
251.00 17.2
252.00 17.1
253.00 17.1
254.00 16.7
255.00 17.1
256.00 16.8
257.00 16.9
258.00 16.5
259.00 16.1
260.00 16.4
261.00 16.4
262.00 16.3
263.00 16.5
264.00 16.6
265.00 16.8
266.00 16.8
267.00 16.5
268.00 17.1
269.00 17.2
270.00 16.9
271.00 17.3
272.00 17.1
273.00 17.2
274.00 16.9
275.00 16.7
276.00 16.5
277.00 16.6
278.00 17.0
279.00 16.7
280.00 16.2
281.00 17.1
282.00 17.2
283.00 17.0
284.00 16.9
285.00 16.8
286.00 16.9
287.00 15.2
288.00 17.2
289.00 17.1
290.00 16.9
291.00 16.7
292.00 17.1
293.00 17.2
294.00 17.4
295.00 17.4
296.00 17.3
297.00 17.3
298.00 17.4
299.00 17.2
300.00 17.6
301.00 16.6
302.00 17.1
303.00 17.3
304.00 17.4
305.00 17.3
306.00 17.4
307.00 17.0
308.00 17.1
309.00 17.0
310.00 17.1
311.00 16.6
312.00 17.3
313.00 17.0
314.00 16.9
315.00 17.0
316.00 17.0
317.00 17.1
318.00 17.2
319.00 17.0
320.00 17.1
321.00 16.6
322.00 16.6
323.00 17.1
324.00 17.1
325.00 17.1
326.00 16.9
327.00 17.2
328.00 17.4
329.00 17.5
330.00 17.4
331.00 17.1
332.00 16.7
333.00 17.1
334.00 17.0
335.00 17.1
336.00 17.1
337.00 17.0
338.00 17.0
339.00 17.0
340.00 16.9
341.00 17.2
342.00 17.1
343.00 17.1
344.00 15.7
345.00 17.4
346.00 17.3
347.00 17.5
348.00 17.4
349.00 17.3
350.00 17.4
351.00 17.4
352.00 17.2
353.00 17.4
354.00 17.4
355.00 17.3
356.00 17.1
357.00 17.0
358.00 17.1
359.00 17.3
360.00 17.1
361.00 16.9
362.00 16.8
363.00 16.6
364.00 17.0
365.00 17.2
366.00 17.0
367.00 17.0
368.00 17.0
369.00 16.9
370.00 17.2
371.00 17.3
372.00 17.2
373.00 16.9
374.00 17.3
375.00 17.3
376.00 17.2
377.00 17.3
378.00 17.1
379.00 17.2
380.00 17.1
381.00 16.6
382.00 16.8
383.00 16.9
384.00 16.5
385.00 16.9
386.00 16.9
387.00 16.9
388.00 17.0
389.00 17.0
390.00 16.8
391.00 14.0
392.00 12.6
393.00 12.8
394.00 12.4
395.00 12.7
396.00 12.7
397.00 12.7
398.00 12.6
399.00 12.7
400.00 12.6
401.00 12.6
402.00 11.2
403.00 12.6
404.00 12.2
405.00 12.6
406.00 12.5
407.00 12.4
408.01 12.4
409.00 12.7
410.00 12.3
411.00 12.6
412.00 12.6
413.00 15.1
414.00 16.7
415.00 17.0
416.00 17.5
417.00 17.3
418.00 17.6
419.00 17.4
420.00 17.3
421.00 17.4
422.00 17.0
423.00 17.3
424.00 17.6
425.00 17.2
426.00 17.2
427.00 17.4
428.00 17.4
429.00 17.4
430.00 17.3
431.00 16.7
432.00 17.0
433.00 16.0
434.00 17.0
435.00 16.8
436.00 17.3
437.00 17.0
438.00 17.1
439.00 17.1
440.00 17.3
441.00 17.2
442.00 17.3
443.00 17.3
444.00 17.4
445.00 17.3
446.00 16.8
447.00 17.2
448.00 17.3
449.00 17.0
450.00 17.1
451.00 17.0
452.00 16.9
453.00 17.1
454.00 17.1
455.00 17.0
456.00 16.8
457.00 17.1
458.00 17.0
459.00 16.9
460.00 15.6
461.00 17.0
462.00 17.2
463.00 17.1
464.00 17.1
465.00 17.6
466.00 17.1
467.00 17.1
468.00 17.3
469.00 17.2
470.00 17.3
471.00 17.3
472.00 17.4
473.00 17.2
474.00 17.3
475.00 17.2
476.00 17.1
477.00 17.0
478.00 17.1
479.00 16.8
480.00 17.0
481.00 16.8
482.00 16.9
483.00 17.0
484.00 17.0
485.00 16.8
486.00 17.0
487.00 16.6
488.00 17.0
489.00 17.1
490.00 16.9
491.00 16.7
492.00 17.0
493.00 16.7
494.00 17.0
495.00 17.1
496.00 17.0
497.00 16.6
498.00 17.0
499.00 17.0
500.00 17.2
500.03 13.6
