1.00 16.6
2.00 17.0
3.00 16.9
4.00 17.2
5.00 16.9
6.00 17.0
7.00 17.2
8.00 17.1
9.00 16.8
10.00 17.3
11.00 17.2
12.00 16.9
13.00 17.0
14.00 17.2
15.00 17.1
16.00 17.2
17.00 17.0
18.00 17.0
19.00 17.1
20.00 17.1
21.00 17.2
22.00 16.8
23.00 17.2
24.00 17.0
25.00 17.0
26.00 16.6
27.00 16.5
28.00 16.2
29.00 16.7
30.00 16.7
31.00 16.7
32.00 16.4
33.00 16.6
34.00 16.6
35.00 16.6
36.00 17.2
37.00 17.0
38.00 17.1
39.00 17.1
40.00 17.2
41.00 17.2
42.00 17.1
43.00 16.8
44.00 17.3
45.00 17.1
46.00 16.7
47.00 16.6
48.00 16.6
49.00 16.6
50.00 16.7
51.00 16.5
52.00 16.6
53.00 16.2
54.00 16.9
55.00 16.3
56.00 15.0
57.00 16.7
58.00 16.6
59.00 16.5
60.00 16.5
61.00 16.4
62.00 17.0
63.00 17.1
64.00 17.2
65.00 17.3
66.00 17.2
67.00 17.2
68.00 17.2
69.00 17.3
70.00 17.1
71.00 17.3
72.00 17.3
73.00 17.1
74.00 16.9
75.00 17.5
76.00 17.2
77.00 17.4
78.00 17.3
79.00 17.3
80.00 16.8
81.00 16.7
82.00 16.5
83.00 16.6
84.00 16.1
85.00 16.6
86.00 16.6
87.00 16.5
88.00 16.0
89.00 16.4
90.00 16.2
91.00 16.9
92.00 16.6
93.00 16.5
94.00 16.6
95.00 16.4
96.00 16.2
97.00 16.6
98.00 16.5
99.00 16.7
100.00 16.5
101.00 16.7
102.00 16.5
103.00 16.6
104.00 16.8
105.00 17.1
106.00 17.3
107.00 17.4
108.00 17.3
109.00 16.8
110.00 16.4
111.00 16.9
112.00 16.2
113.00 16.4
114.00 15.2
115.00 16.4
116.00 16.2
117.00 16.8
118.00 16.8
119.00 17.0
120.00 17.0
121.00 17.1
122.00 17.0
123.00 17.0
124.00 17.2
125.00 17.0
126.00 16.9
127.00 17.3
128.00 17.2
129.00 17.2
130.00 16.9
131.00 17.1
132.00 16.4
133.00 16.9
134.00 16.9
135.00 17.3
136.00 16.8
137.00 17.1
138.00 16.6
139.00 16.4
140.00 16.5
141.00 16.6
142.00 16.8
143.00 16.7
144.00 17.0
145.00 16.8
146.00 16.4
147.00 16.6
148.00 16.5
149.00 16.6
150.00 16.6
151.00 16.5
152.00 16.6
153.00 16.3
154.00 16.7
155.00 17.2
156.00 17.1
157.00 17.1
158.00 17.2
159.00 17.3
160.00 17.0
161.00 17.2
162.00 17.0
163.00 17.1
164.00 17.2
165.00 17.2
166.00 17.0
167.00 16.2
168.00 16.4
169.00 16.5
170.00 16.4
171.00 15.0
172.00 16.6
173.00 16.3
174.00 16.6
175.00 16.7
176.00 16.6
177.00 16.8
178.00 17.2
179.00 17.3
180.00 17.3
181.00 17.5
182.00 17.2
183.00 17.1
184.00 17.4
185.00 17.4
186.00 17.5
187.00 17.4
188.00 17.2
189.00 17.3
190.00 17.3
191.00 17.4
192.00 17.2
193.00 16.7
194.00 16.9
195.00 16.9
196.00 16.8
197.00 16.5
198.00 16.3
199.00 16.7
200.00 16.6
201.00 16.7
202.00 16.5
203.00 16.4
204.00 16.6
205.00 17.0
206.00 17.3
207.00 17.3
208.00 16.8
209.00 17.4
210.00 17.1
211.00 17.2
212.00 17.0
213.00 16.8
214.00 17.3
215.00 17.0
216.00 17.1
217.00 17.0
218.00 16.7
219.00 17.1
220.00 16.9
221.00 16.8
222.00 17.1
223.00 16.9
224.00 16.8
225.00 16.4
226.00 16.5
227.00 16.6
228.00 16.3
229.00 14.4
230.00 16.4
231.00 16.5
232.00 16.5
233.00 16.6
234.00 17.0
235.00 17.2
236.00 16.9
237.00 17.1
238.00 16.9
239.00 16.9
240.00 17.0
241.00 17.1
242.00 16.4
243.00 16.4
244.00 16.5
245.00 16.5
246.00 16.4
247.00 16.6
248.00 16.3
249.00 16.4
250.00 16.1
251.00 16.6
252.00 16.7
253.00 16.5
254.00 16.7
255.00 16.5
256.00 16.5
257.00 16.5
258.00 16.5
259.00 16.5
260.00 16.4
261.00 16.5
262.00 16.3
263.00 16.9
264.00 16.9
265.00 17.3
266.00 17.1
267.00 17.2
268.00 17.0
269.00 17.1
270.00 16.9
271.00 17.1
272.00 17.0
273.00 16.9
274.00 17.0
275.00 17.1
276.00 17.1
277.00 17.2
278.00 17.2
279.00 17.2
280.00 16.9
281.00 16.3
282.00 16.3
283.00 16.5
284.00 16.6
285.00 16.5
286.00 16.3
287.00 15.0
288.00 16.2
289.00 16.7
290.00 16.5
291.00 16.4
292.00 16.5
293.00 16.5
294.00 16.4
295.00 16.7
296.00 16.6
297.00 16.4
298.00 16.8
299.00 16.4
300.00 16.3
301.00 16.3
302.00 16.8
303.00 17.1
304.00 17.2
305.00 17.0
306.00 17.1
307.00 17.0
308.00 17.2
309.00 17.1
310.00 16.7
311.00 16.5
312.00 16.3
313.00 16.6
314.00 16.8
315.00 16.4
316.00 16.8
317.00 16.5
318.00 16.6
319.00 16.7
320.00 16.7
321.00 17.0
322.00 16.9
323.00 16.9
324.00 17.1
325.00 17.3
326.00 17.3
327.00 17.1
328.00 17.2
329.00 17.1
330.00 17.3
331.00 17.2
332.00 16.5
333.00 16.9
334.00 17.3
335.00 17.3
336.00 17.2
337.00 17.2
338.00 17.0
339.00 16.7
340.00 16.6
341.00 16.8
342.00 16.2
343.00 16.5
344.00 14.8
345.00 16.5
346.00 16.7
347.00 16.6
348.00 16.6
349.00 16.8
350.00 16.6
351.00 17.1
352.00 17.2
353.00 16.9
354.00 17.2
355.00 17.0
356.00 17.2
357.00 17.2
358.00 17.1
359.00 17.0
360.00 17.5
361.00 17.3
362.00 17.3
363.00 17.0
364.00 17.4
365.00 17.3
366.00 17.2
367.00 16.9
368.00 16.7
369.00 16.5
370.00 16.5
371.00 16.7
372.00 16.9
373.00 16.3
374.00 16.5
375.00 16.6
376.00 16.8
377.00 16.9
378.00 16.9
379.00 17.3
380.00 17.0
381.00 17.4
382.00 17.2
383.00 17.0
384.00 17.2
385.00 17.2
386.00 17.3
387.00 16.9
388.00 17.0
389.00 16.9
390.00 16.4
391.00 16.5
392.00 15.9
393.00 16.1
394.00 16.3
395.00 16.6
396.00 15.8
397.00 16.7
398.00 16.5
399.00 16.5
400.00 16.5
401.00 16.4
402.00 15.0
403.00 16.6
404.00 16.4
405.00 16.3
406.00 16.9
407.00 17.3
408.00 16.9
409.00 17.1
410.00 16.9
411.00 17.4
412.00 17.2
413.00 17.1
414.00 17.3
415.00 17.2
416.00 17.1
417.00 17.3
418.00 17.3
419.00 17.2
420.00 17.0
421.00 17.3
422.00 17.2
423.00 16.5
424.00 16.3
425.00 16.5
426.00 16.9
427.00 16.9
428.00 16.6
429.00 16.7
430.00 16.8
431.00 17.0
432.00 16.0
433.00 14.6
434.00 17.3
435.00 16.7
436.00 16.1
437.00 16.8
438.00 16.3
439.00 16.7
440.00 16.6
441.00 16.7
442.00 16.4
443.00 16.5
444.00 16.4
445.00 17.0
446.00 17.0
447.00 17.1
448.00 17.2
449.00 16.9
450.00 16.4
451.00 16.6
452.00 16.3
453.00 16.6
454.00 16.3
455.00 16.6
456.00 16.3
457.00 16.6
458.00 16.4
459.00 16.4
460.00 15.4
461.00 17.1
462.00 17.2
463.00 16.7
464.00 16.9
465.00 16.6
466.00 16.9
467.00 16.9
468.00 16.9
469.00 17.1
470.00 17.0
471.00 17.1
472.00 16.9
473.00 17.0
474.00 17.0
475.00 17.2
476.00 16.4
477.00 16.1
478.00 16.7
479.00 16.5
480.00 16.5
481.00 16.6
482.00 16.4
483.00 16.4
484.00 16.3
485.00 16.4
486.00 16.6
487.00 16.6
488.00 16.4
489.00 16.6
490.00 16.6
491.00 17.2
492.00 16.9
493.00 17.0
494.00 16.9
495.00 17.1
496.00 17.1
497.00 17.0
498.00 17.0
499.00 17.1
500.00 17.1
500.02 16.0
