1.00 16.3
2.00 17.0
3.00 16.8
4.00 17.3
5.00 17.1
6.00 17.3
7.00 17.0
8.00 17.4
9.00 17.3
10.00 17.3
11.00 17.1
12.00 17.1
13.00 17.3
14.00 17.3
15.00 17.4
16.00 17.3
17.00 17.5
18.00 17.5
19.00 17.4
20.00 17.4
21.00 16.9
22.00 17.2
23.00 17.5
24.00 17.7
25.00 17.5
26.00 17.5
27.00 17.4
28.00 17.5
29.00 17.7
30.00 17.1
31.00 17.3
32.00 17.3
33.00 17.6
34.00 17.2
35.00 17.0
36.00 16.8
37.00 17.2
38.00 16.9
39.00 17.2
40.00 16.9
41.00 17.0
42.00 16.3
43.00 17.3
44.00 16.8
45.00 16.7
46.00 16.9
47.00 16.7
48.00 16.8
49.00 16.7
50.00 16.5
51.00 16.9
52.00 16.2
53.00 17.2
54.00 17.4
55.00 17.1
56.00 15.4
57.00 17.4
58.00 17.2
59.00 17.1
60.00 17.3
61.00 17.3
62.00 17.1
63.00 17.2
64.00 17.3
65.00 17.5
66.00 17.6
67.00 17.1
68.00 16.9
69.00 17.0
70.00 17.2
71.00 17.0
72.00 16.8
73.00 16.7
74.00 16.9
75.00 17.1
76.00 17.0
77.00 17.2
78.00 17.3
79.00 17.4
80.00 17.5
81.00 16.9
82.00 16.5
83.00 17.1
84.00 17.3
85.00 17.3
86.00 16.7
87.00 16.8
88.00 16.6
89.00 16.9
90.00 16.8
91.00 16.9
92.00 16.7
93.00 16.7
94.00 16.8
95.00 16.9
96.00 17.1
97.00 17.5
98.00 17.6
99.00 17.4
100.00 17.0
101.00 16.9
102.00 16.6
103.00 16.6
104.00 16.6
105.00 16.8
106.00 16.9
107.00 16.9
108.01 17.0
109.00 16.9
110.00 16.8
111.00 17.4
112.00 17.2
113.00 17.3
114.00 15.4
115.00 17.4
116.00 17.4
117.00 17.5
118.00 17.6
119.00 17.4
120.00 17.6
121.00 17.4
122.00 17.1
123.00 17.4
124.00 17.3
125.00 17.2
126.00 17.7
127.00 17.3
128.00 17.5
129.00 17.2
130.00 17.1
131.00 16.5
132.00 17.0
133.00 17.0
134.00 17.0
135.00 16.6
136.00 16.9
137.00 16.9
138.00 16.8
139.00 17.0
140.00 17.0
141.00 16.7
142.00 16.9
143.00 17.4
144.00 17.3
145.00 17.2
146.00 17.5
147.00 17.4
148.00 17.3
149.00 17.4
150.00 17.3
151.00 17.3
152.00 17.3
153.00 17.5
154.00 17.6
155.00 17.3
156.00 17.2
157.00 17.6
158.00 17.5
159.00 17.4
160.00 17.4
161.00 17.5
162.00 17.6
163.00 17.5
164.00 17.5
165.00 17.4
166.00 17.0
167.00 16.8
168.00 16.9
169.00 17.1
170.00 16.9
171.00 15.1
172.00 17.0
173.00 16.9
174.00 17.2
175.00 17.1
176.00 16.7
177.00 17.2
178.00 17.1
179.00 16.9
180.00 17.1
181.00 16.3
182.00 17.2
183.00 17.4
184.00 17.5
185.00 17.2
186.00 17.3
187.00 17.2
188.00 17.3
189.00 17.4
190.00 17.4
191.00 17.5
192.00 17.4
193.00 17.4
194.00 17.6
195.00 17.4
196.00 17.4
197.00 17.1
198.00 17.0
199.00 17.3
200.00 16.9
201.00 16.8
202.00 16.6
203.00 16.9
204.00 16.9
205.00 16.8
206.00 16.9
207.00 16.6
208.00 17.0
209.00 17.4
210.00 17.4
211.00 15.6
212.00 13.8
213.00 14.0
214.00 12.7
215.00 13.1
216.00 13.1
217.00 13.2
218.00 12.8
219.00 13.4
220.00 13.1
221.00 13.5
222.00 12.8
223.00 13.3
224.00 13.1
225.00 13.4
226.00 13.1
227.00 12.7
228.00 12.9
229.00 11.8
230.00 11.2
231.00 8.70
232.00 9.60
233.00 9.94
234.00 9.92
235.00 10.6
236.00 10.9
237.00 10.9
238.00 10.3
239.00 10.9
240.00 10.8
241.00 12.2
242.00 13.8
243.00 13.8
244.00 13.8
245.00 13.7
246.00 13.7
247.00 13.7
248.00 17.4
249.00 17.2
250.00 17.4
251.00 17.3
252.00 17.1
253.00 17.3
254.00 16.4
255.00 17.3
256.00 16.8
257.00 17.1
258.00 16.5
259.00 16.5
260.00 16.4
261.00 16.5
262.00 16.5
263.00 16.6
264.00 16.9
265.00 16.5
266.00 17.1
267.00 16.9
268.00 17.3
269.00 17.4
270.00 17.1
271.00 17.6
272.00 17.4
273.00 17.4
274.00 17.1
275.00 16.8
276.00 16.9
277.00 16.7
278.00 17.1
279.00 16.9
280.00 16.3
281.00 17.1
282.00 16.8
283.00 17.0
284.00 17.1
285.00 16.5
286.00 16.9
287.00 15.3
288.00 16.8
289.00 16.9
290.00 17.0
291.00 16.6
292.00 17.2
293.00 17.2
294.00 17.0
295.00 17.3
296.00 17.4
297.00 17.2
298.00 17.5
299.00 17.1
300.00 17.3
301.00 16.5
302.00 17.4
303.00 17.2
304.00 17.5
305.00 17.3
306.00 17.1
307.00 17.2
308.00 17.1
309.00 16.9
310.00 17.3
311.00 16.5
312.00 16.8
313.00 17.0
314.00 16.9
315.00 17.1
316.00 17.2
317.00 16.9
318.00 17.0
319.00 17.1
320.00 17.1
321.00 16.6
322.00 16.8
323.00 16.9
324.00 16.8
325.00 17.2
326.00 16.9
327.00 17.3
328.00 17.6
329.00 17.2
330.00 17.3
331.00 17.2
332.00 16.6
333.00 17.1
334.00 17.1
335.00 16.8
336.00 17.0
337.00 17.1
338.00 17.0
339.00 17.2
340.00 17.1
341.00 16.9
342.00 16.9
343.00 17.4
344.00 15.7
345.00 17.5
346.00 17.4
347.00 17.2
348.00 17.3
349.00 17.5
350.00 17.3
351.00 17.6
352.00 17.2
353.00 17.1
354.00 17.4
355.00 17.5
356.00 17.1
357.00 17.2
358.00 17.0
359.00 17.0
360.00 17.2
361.00 17.1
362.00 16.8
363.00 16.7
364.00 16.9
365.00 16.8
366.00 17.0
367.00 17.0
368.00 17.0
369.00 17.1
370.00 17.1
371.00 17.1
372.00 17.4
373.00 17.0
374.00 17.3
375.00 17.4
376.00 17.0
377.00 17.2
378.00 17.3
379.00 17.2
380.00 17.1
381.00 16.7
382.00 16.5
383.00 16.6
384.00 16.7
385.00 16.9
386.00 16.9
387.00 17.0
388.00 16.8
389.00 16.8
390.00 17.0
391.00 13.9
392.00 12.7
393.00 12.9
394.01 12.4
395.00 12.7
396.00 12.5
397.00 12.7
398.00 12.7
399.00 12.7
400.00 12.5
401.00 12.8
402.00 11.4
403.00 12.5
404.00 12.0
405.00 12.6
406.01 12.4
407.00 12.7
408.00 12.3
409.00 12.8
410.00 12.4
411.00 12.4
412.00 12.2
413.00 15.0
414.00 16.9
415.00 17.0
416.00 17.5
417.00 17.3
418.00 17.2
419.00 17.4
420.00 17.5
421.00 17.3
422.00 17.1
423.00 17.2
424.00 17.3
425.00 17.3
426.00 17.3
427.00 17.4
428.00 17.6
429.00 17.3
430.00 16.9
431.00 16.9
432.00 17.1
433.00 15.9
434.00 17.2
435.00 16.7
436.00 16.9
437.00 17.1
438.00 17.2
439.00 17.1
440.00 17.6
441.00 17.0
442.00 17.1
443.00 17.5
444.00 17.4
445.00 17.3
446.00 17.0
447.00 16.9
448.00 17.0
449.00 17.1
450.00 17.1
451.00 17.2
452.00 17.2
453.00 16.8
454.00 17.1
455.00 17.1
456.00 16.7
457.00 17.2
458.00 17.2
459.00 16.7
460.00 15.5
461.00 17.1
462.00 17.0
463.00 17.2
464.00 17.3
465.00 17.2
466.00 17.1
467.00 17.3
468.00 17.3
469.00 17.3
470.00 17.4
471.00 17.0
472.00 17.4
473.00 17.3
474.00 17.3
475.00 17.4
476.00 17.0
477.00 16.7
478.00 17.2
479.00 17.0
480.00 16.9
481.00 16.8
482.00 16.9
483.00 16.7
484.00 17.0
485.00 16.9
486.00 16.9
487.00 16.7
488.00 16.8
489.00 16.7
490.00 17.1
491.00 16.9
492.00 16.9
493.00 16.9
494.00 17.0
495.00 16.7
496.00 17.0
497.00 16.8
498.00 17.0
499.00 17.2
500.00 17.2
500.00 8.71
