1.00 15.6
2.00 16.9
3.00 16.5
4.00 16.8
5.00 16.8
6.00 16.9
7.00 16.9
8.00 16.9
9.00 16.8
10.00 17.0
11.00 17.1
12.00 16.7
13.00 16.9
14.00 16.8
15.00 17.0
16.00 16.8
17.00 16.8
18.00 17.0
19.00 17.2
20.00 16.9
21.00 16.9
22.00 16.7
23.00 17.0
24.00 16.8
25.00 16.8
26.00 16.2
27.00 16.4
28.00 16.3
29.00 16.5
30.00 16.8
31.00 16.4
32.00 16.1
33.00 16.0
34.00 16.6
35.00 16.3
36.00 16.9
37.00 16.9
38.00 17.0
39.00 17.1
40.00 16.8
41.00 17.2
42.00 17.0
43.00 16.6
44.00 17.0
45.00 16.8
46.00 16.4
47.00 16.7
48.00 16.3
49.00 16.6
50.00 16.5
51.00 16.4
52.00 16.2
53.00 15.9
54.00 16.7
55.00 16.0
56.00 14.9
57.00 16.5
58.00 16.5
59.00 16.2
60.00 16.5
61.00 16.5
62.00 16.9
63.00 16.9
64.00 16.9
65.00 17.2
66.00 17.2
67.00 17.1
68.00 16.9
69.00 17.2
70.00 16.9
71.00 16.9
72.00 17.2
73.00 17.1
74.00 16.7
75.00 17.2
76.00 17.0
77.00 17.2
78.00 17.1
79.00 17.0
80.00 16.6
81.00 16.6
82.00 16.6
83.00 16.3
84.00 16.1
85.00 16.3
86.00 16.4
87.00 16.1
88.00 16.1
89.00 16.2
90.00 16.1
91.00 16.6
92.00 16.6
93.00 16.5
94.00 16.2
95.00 16.2
96.00 16.1
97.00 16.3
98.00 16.2
99.00 16.5
100.00 16.1
101.00 16.6
102.00 16.5
103.00 16.3
104.00 16.7
105.00 16.8
106.00 17.0
107.00 17.2
108.00 17.1
109.00 16.5
110.00 16.4
111.00 16.6
112.01 16.2
113.00 16.2
114.00 14.8
115.00 16.0
116.00 16.2
117.00 16.5
118.00 16.5
119.00 16.6
120.00 17.0
121.00 17.0
122.00 16.7
123.00 17.0
124.00 16.7
125.00 16.9
126.00 16.9
127.00 17.1
128.00 17.0
129.00 16.8
130.00 16.7
131.00 16.8
132.00 16.3
133.00 16.7
134.00 16.8
135.00 17.2
136.00 16.7
137.00 16.7
138.00 16.5
139.00 16.1
140.00 16.4
141.00 16.3
142.00 16.7
143.00 16.5
144.00 16.5
145.00 16.6
146.00 16.4
147.00 16.4
148.00 16.5
149.00 16.6
150.00 16.3
151.00 16.4
152.00 16.2
153.00 16.2
154.00 16.7
155.00 16.9
156.00 17.2
157.00 17.1
158.00 17.1
159.00 17.2
160.00 16.9
161.00 17.2
162.00 17.0
163.00 17.0
164.00 17.1
165.00 16.9
166.00 16.8
167.00 15.9
168.00 16.2
169.00 16.3
170.00 16.3
171.00 14.8
172.00 16.4
173.00 16.4
174.00 16.2
175.00 16.5
176.00 16.4
177.00 16.5
178.00 17.1
179.00 17.2
180.00 17.2
181.00 17.2
182.00 17.1
183.00 17.0
184.00 17.1
185.00 17.1
186.00 17.4
187.00 17.1
188.00 17.0
189.00 17.3
190.00 17.1
191.00 17.1
192.00 17.1
193.00 16.7
194.00 16.6
195.00 16.6
196.00 16.6
197.00 16.4
198.00 16.3
199.00 16.4
200.00 16.3
201.00 16.4
202.00 16.3
203.00 16.3
204.00 16.5
205.00 16.7
206.00 17.1
207.00 16.9
208.00 16.7
209.00 17.1
210.00 17.1
211.00 16.9
212.00 16.5
213.00 16.7
214.00 17.0
215.00 17.0
216.00 16.9
217.00 17.0
218.00 16.7
219.00 16.6
220.00 17.0
221.00 16.9
222.00 16.9
223.00 16.9
224.00 16.4
225.00 16.5
226.00 16.5
227.00 16.4
228.00 15.9
229.00 14.7
230.00 16.1
231.00 16.2
232.00 16.5
233.00 16.4
234.00 16.9
235.00 17.1
236.00 16.6
237.00 17.1
238.00 16.8
239.00 16.8
240.00 16.8
241.00 17.1
242.00 16.3
243.00 16.4
244.00 16.3
245.00 16.4
246.00 16.4
247.00 16.4
248.00 16.1
249.00 16.2
250.00 16.1
251.00 16.3
252.00 16.1
253.00 16.3
254.00 16.2
255.00 16.3
256.00 16.2
257.00 16.4
258.00 16.3
259.00 16.5
260.00 16.0
261.00 16.4
262.00 16.2
263.00 16.6
264.00 16.9
265.00 17.0
266.00 16.9
267.00 16.9
268.00 16.8
269.00 17.1
270.00 16.7
271.00 17.0
272.00 16.7
273.00 16.6
274.00 17.0
275.00 16.8
276.00 17.0
277.00 17.1
278.00 16.7
279.00 16.9
280.00 16.7
281.00 16.5
282.00 16.2
283.00 16.2
284.00 16.4
285.00 16.2
286.00 16.2
287.00 15.0
288.00 16.3
289.00 16.3
290.00 16.2
291.00 16.0
292.00 16.4
293.00 16.5
294.00 16.2
295.00 16.2
296.00 16.3
297.00 16.2
298.00 16.5
299.00 16.3
300.00 16.1
301.00 16.0
302.00 16.7
303.00 16.7
304.00 16.9
305.00 16.9
306.00 17.0
307.00 16.9
308.00 16.9
309.00 16.9
310.00 16.4
311.00 16.5
312.00 16.4
313.00 16.5
314.00 16.7
315.00 16.4
316.00 16.5
317.00 16.4
318.00 16.3
319.00 16.2
320.00 16.9
321.00 16.8
322.00 16.9
323.00 16.8
324.00 16.9
325.00 16.9
326.00 17.1
327.00 17.1
328.00 17.2
329.00 17.1
330.00 17.3
331.00 17.0
332.00 16.2
333.00 16.7
334.00 17.2
335.00 17.1
336.00 17.1
337.00 17.1
338.00 16.9
339.00 16.5
340.00 16.5
341.00 16.5
342.00 16.0
343.00 16.2
344.00 14.7
345.00 16.3
346.00 16.4
347.00 16.3
348.00 16.4
349.00 16.4
350.00 16.3
351.00 16.7
352.00 17.2
353.00 16.9
354.00 16.9
355.00 16.8
356.00 16.8
357.00 17.0
358.00 16.9
359.00 17.0
360.00 17.2
361.00 17.0
362.00 17.0
363.00 17.0
364.00 16.9
365.00 17.1
366.00 17.0
367.00 16.8
368.00 16.5
369.00 16.3
370.00 16.4
371.00 16.6
372.00 16.6
373.00 16.2
374.00 16.3
375.00 16.3
376.00 16.4
377.00 16.7
378.00 17.0
379.00 17.0
380.00 16.9
381.00 17.2
382.00 16.9
383.00 17.0
384.00 16.8
385.00 17.2
386.00 17.2
387.00 16.8
388.00 16.9
389.00 17.0
390.00 15.9
391.00 16.3
392.00 16.1
393.00 15.5
394.00 15.9
395.00 16.2
396.00 15.7
397.00 16.6
398.00 16.3
399.00 16.4
400.00 16.5
401.00 16.5
402.00 14.8
403.00 16.5
404.00 15.9
405.00 16.2
406.00 16.9
407.00 17.2
408.00 16.9
409.00 17.0
410.00 16.9
411.00 17.2
412.00 16.9
413.00 17.0
414.00 17.0
415.00 16.9
416.00 16.8
417.00 17.2
418.00 17.2
419.00 16.9
420.00 17.0
421.00 16.8
422.00 17.0
423.00 16.4
424.00 16.5
425.00 16.3
426.00 16.6
427.00 16.8
428.00 16.4
429.00 16.5
430.00 16.4
431.00 16.7
432.00 16.0
433.00 14.5
434.00 16.9
435.00 16.6
436.00 15.9
437.00 16.6
438.00 16.1
439.00 16.5
440.00 16.4
441.00 16.6
442.00 16.2
443.00 16.3
444.00 16.4
445.00 16.9
446.00 16.9
447.00 16.9
448.00 16.9
449.00 16.6
450.00 16.3
451.00 16.6
452.00 16.1
453.00 16.2
454.00 16.2
455.00 16.3
456.00 16.0
457.00 16.5
458.00 16.2
459.00 16.4
460.00 15.1
461.00 17.0
462.00 16.7
463.00 16.8
464.00 16.7
465.00 16.6
466.00 16.7
467.00 16.6
468.00 16.8
469.00 16.9
470.00 16.8
471.00 16.7
472.00 16.7
473.00 16.9
474.00 16.9
475.00 17.0
476.00 16.3
477.00 16.2
478.00 16.4
479.00 16.4
480.00 16.2
481.00 16.5
482.00 16.2
483.00 16.4
484.00 16.2
485.00 16.3
486.00 16.3
487.00 16.3
488.00 16.2
489.00 16.6
490.00 16.7
491.00 16.9
492.00 16.8
493.00 16.9
494.00 16.8
495.00 16.9
496.00 16.9
497.00 16.9
498.00 16.6
499.00 17.0
500.00 16.9
500.06 25.0
